5.499189496040344238e-01
5.180189609527587891e-01
5.580892562866210938e-01
5.278075933456420898e-01
6.929090023040771484e-01
4.726405143737792969e-01
5.273478627204895020e-01
4.906616508960723877e-01
5.000535249710083008e-01
4.624822735786437988e-01
4.697301387786865234e-01
4.583734273910522461e-01
4.946061968803405762e-01
4.601306319236755371e-01
4.436073303222656250e-01
4.614959955215454102e-01
4.505045711994171143e-01
4.428576231002807617e-01
4.364923834800720215e-01
5.626249313354492188e-01
4.608413875102996826e-01
4.271635115146636963e-01
4.473099708557128906e-01
4.534793496131896973e-01
5.704595446586608887e-01
4.710426032543182373e-01
4.664475321769714355e-01
4.393353462219238281e-01
5.724089145660400391e-01
4.625593423843383789e-01
4.479138851165771484e-01
4.791277647018432617e-01
4.221474528312683105e-01
5.277670621871948242e-01
4.311239123344421387e-01
4.398300647735595703e-01
4.898527860641479492e-01
4.287980198860168457e-01
4.284126162528991699e-01
4.587142467498779297e-01
5.065892934799194336e-01
6.021496057510375977e-01
5.059096217155456543e-01
4.394153058528900146e-01
4.271880984306335449e-01
4.487523436546325684e-01
4.314641356468200684e-01
5.048522949218750000e-01
4.449043869972229004e-01
4.487085342407226562e-01
4.479578733444213867e-01
4.222154319286346436e-01
4.864124059677124023e-01
4.542365670204162598e-01
4.851083755493164062e-01
4.514330029487609863e-01
4.689050614833831787e-01
4.415573477745056152e-01
4.321079254150390625e-01
4.314318895339965820e-01
4.940192103385925293e-01
5.163876414299011230e-01
4.334597587585449219e-01
5.144081115722656250e-01
5.033622980117797852e-01
4.595299363136291504e-01
5.104161500930786133e-01
4.408780336380004883e-01
5.325943231582641602e-01
4.794430136680603027e-01
4.878808856010437012e-01
4.428792297840118408e-01
4.260035753250122070e-01
4.308181405067443848e-01
4.434843063354492188e-01
4.601219296455383301e-01
5.011979341506958008e-01
4.390495121479034424e-01
4.566499292850494385e-01
4.250793159008026123e-01
4.387452602386474609e-01
4.978368878364562988e-01
5.374242067337036133e-01
4.917611479759216309e-01
4.301866292953491211e-01
4.304292201995849609e-01
4.382653832435607910e-01
4.586007595062255859e-01
4.764093756675720215e-01
4.317078888416290283e-01
4.464375972747802734e-01
4.457817673683166504e-01
4.446693062782287598e-01
4.550894498825073242e-01
4.487500786781311035e-01
4.553585052490234375e-01
4.480817914009094238e-01
4.427512586116790771e-01
4.362041950225830078e-01
4.355089664459228516e-01
4.355332851409912109e-01
4.853560924530029297e-01
4.418537020683288574e-01
4.784169197082519531e-01
5.736533999443054199e-01
4.627061784267425537e-01
4.480049014091491699e-01
4.739530682563781738e-01
4.919999241828918457e-01
5.400257110595703125e-01
5.032876133918762207e-01
4.586704373359680176e-01
4.950516223907470703e-01
5.121531486511230469e-01
5.671802759170532227e-01
4.749039411544799805e-01
4.724554419517517090e-01
4.797821044921875000e-01
4.713455438613891602e-01
4.279459714889526367e-01
4.357278943061828613e-01
4.558475315570831299e-01
4.279912710189819336e-01
4.324504435062408447e-01
4.800383746623992920e-01
4.812590479850769043e-01
4.675616621971130371e-01
4.384677410125732422e-01
4.537306427955627441e-01
4.449602365493774414e-01
4.973636269569396973e-01
5.253921747207641602e-01
4.680216014385223389e-01
4.803548455238342285e-01
4.589696228504180908e-01
5.187819004058837891e-01
5.039001703262329102e-01
4.305895268917083740e-01
4.865041971206665039e-01
4.676544070243835449e-01
4.344706833362579346e-01
4.953673481941223145e-01
4.813342988491058350e-01
4.359407126903533936e-01
5.499879717826843262e-01
4.581459164619445801e-01
5.236514806747436523e-01
4.481160640716552734e-01
4.344376921653747559e-01
4.490192532539367676e-01
4.580804705619812012e-01
4.296160042285919189e-01
4.306330680847167969e-01
4.463109970092773438e-01
4.687164127826690674e-01
4.649499058723449707e-01
4.369567632675170898e-01
4.346513450145721436e-01
4.644518494606018066e-01
5.293634533882141113e-01
4.342270493507385254e-01
4.444959163665771484e-01
4.877864718437194824e-01
4.859732389450073242e-01
4.572424888610839844e-01
4.823355078697204590e-01
4.480728507041931152e-01
4.291355013847351074e-01
4.320374131202697754e-01
4.466818571090698242e-01
6.180742979049682617e-01
4.506947398185729980e-01
4.339792132377624512e-01
5.177090167999267578e-01
4.564107656478881836e-01
4.660256505012512207e-01
4.372258782386779785e-01
4.565420746803283691e-01
4.865798354148864746e-01
5.090306401252746582e-01
4.489580392837524414e-01
5.446670651435852051e-01
4.314713180065155029e-01
4.310845136642456055e-01
4.582148194313049316e-01
4.490075707435607910e-01
4.287770986557006836e-01
4.449204504489898682e-01
4.361507296562194824e-01
5.477346777915954590e-01
4.725908339023590088e-01
5.367218255996704102e-01
4.747042953968048096e-01
4.681091904640197754e-01
4.336948990821838379e-01
4.450688958168029785e-01
4.488312005996704102e-01
4.695973396301269531e-01
5.129209160804748535e-01
4.845521450042724609e-01
5.251791477203369141e-01
5.434380769729614258e-01
5.358493328094482422e-01
5.031093358993530273e-01
4.501403868198394775e-01
5.231779813766479492e-01
5.070234537124633789e-01
4.540984332561492920e-01
4.802712202072143555e-01
4.577009081840515137e-01
5.495935678482055664e-01
4.660474658012390137e-01
4.507681131362915039e-01
4.887312650680541992e-01
4.505859017372131348e-01
5.153417587280273438e-01
5.249992609024047852e-01
5.139367580413818359e-01
4.366543292999267578e-01
4.318488240242004395e-01
4.820727407932281494e-01
4.374544620513916016e-01
4.813524484634399414e-01
4.321187138557434082e-01
4.886170625686645508e-01
4.663174748420715332e-01
4.310345053672790527e-01
5.085864067077636719e-01
4.597577452659606934e-01
4.440617561340332031e-01
4.420850574970245361e-01
4.566935300827026367e-01
4.829315841197967529e-01
4.611857831478118896e-01
4.512699544429779053e-01
4.540373086929321289e-01
4.544038772583007812e-01
4.531277418136596680e-01
4.282850623130798340e-01
4.574222564697265625e-01
4.597364068031311035e-01
4.404892623424530029e-01
4.619117379188537598e-01
4.439142942428588867e-01
4.380093812942504883e-01
4.696011543273925781e-01
4.840299785137176514e-01
5.042224526405334473e-01
4.574697613716125488e-01
4.376838207244873047e-01
4.640636742115020752e-01
4.504938721656799316e-01
4.479937851428985596e-01
4.449225068092346191e-01
4.870508909225463867e-01
4.899513125419616699e-01
5.283327102661132812e-01
4.817441105842590332e-01
4.318241477012634277e-01
4.325318336486816406e-01
4.994549155235290527e-01
4.798955321311950684e-01
4.300265908241271973e-01
4.703859090805053711e-01
4.558836817741394043e-01
4.518758654594421387e-01
4.378261864185333252e-01
4.660944342613220215e-01
4.533102810382843018e-01
4.361519813537597656e-01
4.376828968524932861e-01
4.360503554344177246e-01
4.473017752170562744e-01
4.530591964721679688e-01
5.305456519126892090e-01
4.573934376239776611e-01
4.990112781524658203e-01
4.797141849994659424e-01
4.668403267860412598e-01
4.478041231632232666e-01
4.490993618965148926e-01
4.588927626609802246e-01
4.484229683876037598e-01
4.669281840324401855e-01
4.587484002113342285e-01
4.615680575370788574e-01
4.981337785720825195e-01
5.338069200515747070e-01
5.703718662261962891e-01
4.881742000579833984e-01
5.134872794151306152e-01
4.595065712928771973e-01
4.489758610725402832e-01
4.326266050338745117e-01
4.574694037437438965e-01
4.745859503746032715e-01
4.705411791801452637e-01
4.817897379398345947e-01
4.698003530502319336e-01
4.834071695804595947e-01
5.002240538597106934e-01
