1.413290262222290039e+00
6.753374338150024414e-01
5.581376552581787109e-01
5.433862209320068359e-01
5.277014970779418945e-01
5.187938213348388672e-01
4.987723231315612793e-01
4.956334829330444336e-01
4.835810661315917969e-01
5.334156751632690430e-01
4.981911778450012207e-01
5.319377183914184570e-01
4.929265975952148438e-01
5.046921968460083008e-01
4.783394336700439453e-01
5.130383372306823730e-01
4.724535346031188965e-01
5.009616017341613770e-01
4.603375196456909180e-01
5.295276641845703125e-01
4.900490045547485352e-01
4.859511256217956543e-01
4.516250193119049072e-01
4.528970122337341309e-01
4.857912659645080566e-01
5.065767168998718262e-01
4.543794989585876465e-01
4.591537714004516602e-01
4.521865248680114746e-01
4.743079543113708496e-01
4.541803002357482910e-01
4.635479450225830078e-01
4.587614238262176514e-01
4.692519307136535645e-01
4.619235396385192871e-01
4.647125601768493652e-01
4.618948996067047119e-01
5.169804096221923828e-01
4.741576611995697021e-01
4.671660363674163818e-01
5.731056928634643555e-01
4.645771980285644531e-01
4.727734327316284180e-01
4.929101467132568359e-01
4.792127609252929688e-01
4.796484112739562988e-01
5.294591188430786133e-01
4.780099093914031982e-01
4.644082784652709961e-01
5.264502763748168945e-01
4.758087396621704102e-01
4.890139102935791016e-01
4.511700868606567383e-01
4.885055422782897949e-01
4.471046924591064453e-01
4.681557118892669678e-01
5.211494565010070801e-01
4.959948658943176270e-01
4.812500476837158203e-01
4.775969982147216797e-01
4.782697558403015137e-01
5.035483837127685547e-01
4.647730588912963867e-01
4.771175384521484375e-01
5.207542777061462402e-01
5.277877449989318848e-01
5.032829642295837402e-01
4.743741750717163086e-01
4.847849309444427490e-01
4.836516380310058594e-01
4.631371200084686279e-01
4.806700348854064941e-01
4.651120901107788086e-01
4.809772968292236328e-01
4.592118859291076660e-01
4.643972516059875488e-01
4.776206016540527344e-01
4.631361365318298340e-01
4.798777103424072266e-01
4.641398787498474121e-01
4.812096655368804932e-01
4.815337359905242920e-01
6.064984798431396484e-01
4.767547845840454102e-01
4.612940549850463867e-01
4.704163074493408203e-01
4.534508883953094482e-01
4.531152844429016113e-01
4.728093743324279785e-01
4.749738574028015137e-01
4.849027991294860840e-01
5.403805971145629883e-01
4.650998115539550781e-01
4.573764801025390625e-01
5.358611941337585449e-01
5.061905384063720703e-01
4.598977863788604736e-01
4.991799294948577881e-01
4.854499995708465576e-01
4.751009941101074219e-01
4.704800248146057129e-01
5.118730068206787109e-01
4.580280780792236328e-01
4.672089815139770508e-01
4.706048965454101562e-01
4.839738607406616211e-01
5.053713321685791016e-01
4.615830183029174805e-01
4.630151093006134033e-01
4.611901342868804932e-01
5.764139890670776367e-01
5.160323977470397949e-01
4.876431822776794434e-01
4.773008525371551514e-01
5.080781579017639160e-01
4.845629632472991943e-01
4.612338542938232422e-01
4.656913280487060547e-01
4.734416007995605469e-01
4.585620164871215820e-01
4.631828069686889648e-01
4.745708107948303223e-01
4.616436660289764404e-01
4.771661758422851562e-01
5.276210308074951172e-01
4.735398888587951660e-01
4.561208188533782959e-01
4.585348367691040039e-01
4.546198844909667969e-01
4.601635932922363281e-01
4.908120334148406982e-01
4.582183361053466797e-01
5.082854628562927246e-01
4.837168157100677490e-01
4.577074646949768066e-01
4.819230735301971436e-01
5.460786819458007812e-01
4.679690003395080566e-01
4.616491198539733887e-01
4.597012400627136230e-01
4.887809753417968750e-01
4.888477027416229248e-01
4.719154238700866699e-01
4.653490185737609863e-01
4.625533223152160645e-01
4.587456583976745605e-01
4.621208608150482178e-01
4.752964973449707031e-01
4.882229566574096680e-01
5.139082074165344238e-01
4.648617506027221680e-01
4.966427087783813477e-01
5.011221170425415039e-01
5.473881363868713379e-01
4.986271262168884277e-01
4.765338301658630371e-01
4.695487618446350098e-01
4.570889472961425781e-01
4.530645012855529785e-01
4.737085103988647461e-01
4.961780607700347900e-01
4.980043172836303711e-01
4.965062141418457031e-01
4.801597595214843750e-01
4.596703946590423584e-01
4.562507271766662598e-01
5.546960234642028809e-01
4.648972153663635254e-01
4.615929126739501953e-01
5.009139776229858398e-01
4.769612550735473633e-01
4.582693576812744141e-01
4.595491886138916016e-01
4.865981936454772949e-01
4.890743792057037354e-01
4.719099402427673340e-01
4.555599987506866455e-01
5.108865499496459961e-01
4.829290509223937988e-01
4.772881269454956055e-01
4.791445732116699219e-01
4.845250844955444336e-01
4.656289219856262207e-01
5.126891732215881348e-01
4.556241333484649658e-01
4.736117124557495117e-01
5.139842033386230469e-01
4.679208695888519287e-01
4.657132625579833984e-01
4.581120908260345459e-01
4.759237766265869141e-01
4.961457848548889160e-01
4.603770375251770020e-01
5.070471167564392090e-01
5.443153381347656250e-01
5.013834238052368164e-01
5.081914663314819336e-01
4.852141141891479492e-01
4.628618359565734863e-01
4.626108705997467041e-01
4.702922403812408447e-01
4.573127627372741699e-01
4.775851666927337646e-01
4.505939483642578125e-01
4.506211578845977783e-01
4.495400488376617432e-01
4.514365494251251221e-01
5.551122426986694336e-01
4.604468941688537598e-01
4.495337605476379395e-01
5.060434341430664062e-01
5.102577209472656250e-01
4.782361388206481934e-01
4.757551550865173340e-01
4.735991954803466797e-01
4.716110825538635254e-01
4.723098278045654297e-01
4.770687520503997803e-01
4.753164649009704590e-01
4.924699962139129639e-01
5.035396218299865723e-01
4.590105414390563965e-01
4.691073894500732422e-01
4.661642313003540039e-01
4.544118046760559082e-01
4.579472243785858154e-01
4.621571898460388184e-01
4.663614034652709961e-01
5.274318456649780273e-01
4.850290715694427490e-01
4.522404968738555908e-01
5.728181004524230957e-01
4.839390814304351807e-01
4.833060503005981445e-01
4.736807942390441895e-01
4.755364060401916504e-01
5.226488709449768066e-01
4.781580865383148193e-01
4.880423545837402344e-01
4.838299751281738281e-01
4.880330264568328857e-01
4.688836336135864258e-01
4.699679017066955566e-01
4.584366977214813232e-01
4.527506232261657715e-01
4.604289531707763672e-01
5.465827584266662598e-01
4.661116003990173340e-01
4.712182283401489258e-01
4.776658415794372559e-01
4.702934622764587402e-01
4.548026323318481445e-01
4.613614082336425781e-01
4.660676121711730957e-01
4.743379354476928711e-01
4.514620304107666016e-01
4.932587146759033203e-01
4.650264978408813477e-01
4.614771008491516113e-01
4.662126898765563965e-01
4.681582748889923096e-01
4.490140974521636963e-01
4.493471384048461914e-01
4.528006911277770996e-01
4.554181098937988281e-01
4.859001338481903076e-01
4.599747061729431152e-01
5.170251131057739258e-01
4.508334398269653320e-01
5.770899653434753418e-01
4.580475091934204102e-01
4.654407501220703125e-01
4.638754725456237793e-01
4.585841894149780273e-01
4.536843001842498779e-01
4.720063805580139160e-01
4.607289433479309082e-01
4.528142809867858887e-01
4.492586255073547363e-01
4.471336603164672852e-01
5.669897794723510742e-01
4.940975308418273926e-01
5.222907066345214844e-01
4.958504736423492432e-01
4.764339327812194824e-01
4.716466069221496582e-01
4.563112854957580566e-01
4.512420296669006348e-01
4.501344263553619385e-01
4.499350786209106445e-01
4.561110734939575195e-01
4.714070558547973633e-01
4.982309043407440186e-01
5.122747421264648438e-01
5.229665637016296387e-01
4.937757849693298340e-01
4.503899216651916504e-01
4.488334655761718750e-01
4.733303189277648926e-01
4.812636375427246094e-01
4.620643854141235352e-01
