1.850124478340148926e+00
1.751739382743835449e+00
1.771268486976623535e+00
1.713777542114257812e+00
1.679235696792602539e+00
1.691813230514526367e+00
1.673329234123229980e+00
1.662085890769958496e+00
1.717751145362854004e+00
1.883679151535034180e+00
1.763325572013854980e+00
1.738513827323913574e+00
1.693918347358703613e+00
1.702362775802612305e+00
1.649474978446960449e+00
1.679387211799621582e+00
1.661661386489868164e+00
1.710397005081176758e+00
1.687198042869567871e+00
1.668558955192565918e+00
1.643547296524047852e+00
1.655609846115112305e+00
1.635714173316955566e+00
1.664130091667175293e+00
1.686845421791076660e+00
1.639932155609130859e+00
1.624857068061828613e+00
1.613443136215209961e+00
1.640890955924987793e+00
1.617179751396179199e+00
1.645074605941772461e+00
1.669150233268737793e+00
1.631987452507019043e+00
1.644435167312622070e+00
1.592829108238220215e+00
1.640431523323059082e+00
1.622607827186584473e+00
1.734166264533996582e+00
1.622035264968872070e+00
1.601119399070739746e+00
1.587405920028686523e+00
1.621942043304443359e+00
1.622569561004638672e+00
1.635504603385925293e+00
1.738914847373962402e+00
1.579674601554870605e+00
1.640201568603515625e+00
1.601135611534118652e+00
1.621951699256896973e+00
1.615422606468200684e+00
1.613520503044128418e+00
1.615518093109130859e+00
1.606140613555908203e+00
1.627265453338623047e+00
1.619024395942687988e+00
1.670188665390014648e+00
1.593321919441223145e+00
1.648583889007568359e+00
1.630117535591125488e+00
1.620265841484069824e+00
1.548075914382934570e+00
1.573351025581359863e+00
1.629717350006103516e+00
1.638838171958923340e+00
1.529765486717224121e+00
1.560541987419128418e+00
1.670822024345397949e+00
1.596578955650329590e+00
1.566423177719116211e+00
1.621727705001831055e+00
1.572386622428894043e+00
1.746819138526916504e+00
1.585513472557067871e+00
1.566956758499145508e+00
1.768415808677673340e+00
1.628319382667541504e+00
1.644905924797058105e+00
1.673004865646362305e+00
1.589615702629089355e+00
1.611015319824218750e+00
1.535027861595153809e+00
1.529198050498962402e+00
1.605123519897460938e+00
1.627898931503295898e+00
1.549704790115356445e+00
1.621109247207641602e+00
1.618026733398437500e+00
1.544728994369506836e+00
1.617065310478210449e+00
1.710040330886840820e+00
1.722992658615112305e+00
1.590615987777709961e+00
1.646211981773376465e+00
1.515786767005920410e+00
1.531110405921936035e+00
1.598019719123840332e+00
1.577293038368225098e+00
1.589166283607482910e+00
1.649763464927673340e+00
1.548997521400451660e+00
1.595799803733825684e+00
1.667533516883850098e+00
1.776215910911560059e+00
1.634470343589782715e+00
1.591038107872009277e+00
1.697637319564819336e+00
1.604926228523254395e+00
1.590018868446350098e+00
1.596666812896728516e+00
1.574689865112304688e+00
1.602549433708190918e+00
1.540694355964660645e+00
1.711808085441589355e+00
1.724012851715087891e+00
1.737680912017822266e+00
1.809141635894775391e+00
1.717684626579284668e+00
1.701393604278564453e+00
1.537283778190612793e+00
1.698140978813171387e+00
1.687112092971801758e+00
1.558378100395202637e+00
1.633507847785949707e+00
1.590092420578002930e+00
1.636906266212463379e+00
1.563742160797119141e+00
1.560614466667175293e+00
1.606161952018737793e+00
1.621617078781127930e+00
1.646227717399597168e+00
1.742925882339477539e+00
1.620549559593200684e+00
1.705238938331604004e+00
1.852960228919982910e+00
1.615323662757873535e+00
1.625512599945068359e+00
1.658042192459106445e+00
1.662824392318725586e+00
1.637924075126647949e+00
1.712536692619323730e+00
1.601679325103759766e+00
1.739610433578491211e+00
1.740245223045349121e+00
1.666440963745117188e+00
1.665080308914184570e+00
1.564935684204101562e+00
1.612973093986511230e+00
1.648200392723083496e+00
1.654142379760742188e+00
1.702124714851379395e+00
1.693744897842407227e+00
1.703534603118896484e+00
1.684144139289855957e+00
1.715578556060791016e+00
1.748199820518493652e+00
1.741280913352966309e+00
1.968658685684204102e+00
1.648313641548156738e+00
1.819658398628234863e+00
1.765621542930603027e+00
1.798382878303527832e+00
1.750609874725341797e+00
1.841009497642517090e+00
1.898379921913146973e+00
1.714555621147155762e+00
1.780874252319335938e+00
1.801784753799438477e+00
1.883797168731689453e+00
1.778681397438049316e+00
1.842168331146240234e+00
1.925148487091064453e+00
1.859136581420898438e+00
1.620358109474182129e+00
1.695684790611267090e+00
1.798068761825561523e+00
1.748051166534423828e+00
1.885619044303894043e+00
1.765661716461181641e+00
1.743621110916137695e+00
1.788042664527893066e+00
1.765623569488525391e+00
1.893858432769775391e+00
1.951951742172241211e+00
2.015544176101684570e+00
1.897650361061096191e+00
1.848096728324890137e+00
1.989237308502197266e+00
1.909052014350891113e+00
1.929957270622253418e+00
1.842324614524841309e+00
1.808518528938293457e+00
2.088736534118652344e+00
1.923399090766906738e+00
1.829374790191650391e+00
1.875729799270629883e+00
1.987983465194702148e+00
1.906401515007019043e+00
1.920391321182250977e+00
1.815785288810729980e+00
1.847144484519958496e+00
1.847657561302185059e+00
1.919134378433227539e+00
1.836678743362426758e+00
1.957451224327087402e+00
1.906061053276062012e+00
1.948834061622619629e+00
1.875439882278442383e+00
1.886839747428894043e+00
2.128124475479125977e+00
2.118444204330444336e+00
2.075580835342407227e+00
2.040580511093139648e+00
1.875614523887634277e+00
1.922206878662109375e+00
1.949224233627319336e+00
1.919089794158935547e+00
2.005677223205566406e+00
1.958300828933715820e+00
2.003966569900512695e+00
1.931193470954895020e+00
1.967630863189697266e+00
1.887661099433898926e+00
1.981644868850708008e+00
1.952938318252563477e+00
1.823283672332763672e+00
1.915655970573425293e+00
1.923537850379943848e+00
2.034447193145751953e+00
1.902324318885803223e+00
1.890606999397277832e+00
1.803585767745971680e+00
1.890059709548950195e+00
2.003378868103027344e+00
1.967241644859313965e+00
2.025734186172485352e+00
1.976746201515197754e+00
1.980192661285400391e+00
1.975228548049926758e+00
2.046165227890014648e+00
1.881672978401184082e+00
1.901382446289062500e+00
1.963653445243835449e+00
2.002171516418457031e+00
1.903863549232482910e+00
1.901733398437500000e+00
1.912160634994506836e+00
1.856433749198913574e+00
1.932635664939880371e+00
1.950582146644592285e+00
1.954077243804931641e+00
2.007149457931518555e+00
1.982265949249267578e+00
1.925269961357116699e+00
2.094019889831542969e+00
1.988260746002197266e+00
1.915469408035278320e+00
1.809946179389953613e+00
2.040896892547607422e+00
1.960209131240844727e+00
2.148582696914672852e+00
2.028566122055053711e+00
2.051614999771118164e+00
1.931134343147277832e+00
1.908045887947082520e+00
1.981812953948974609e+00
2.064616680145263672e+00
2.040166616439819336e+00
1.864587068557739258e+00
1.972970128059387207e+00
1.870939254760742188e+00
1.738630056381225586e+00
1.888013243675231934e+00
1.878696084022521973e+00
1.904964923858642578e+00
2.166152715682983398e+00
1.811917543411254883e+00
1.814828634262084961e+00
1.949292540550231934e+00
1.876814365386962891e+00
1.826543331146240234e+00
1.878976106643676758e+00
2.078440427780151367e+00
1.882396459579467773e+00
1.944123983383178711e+00
1.988708257675170898e+00
1.976562500000000000e+00
1.994748353958129883e+00
2.054634332656860352e+00
2.017632484436035156e+00
2.146700382232666016e+00
1.984467625617980957e+00
2.020029783248901367e+00
2.154457092285156250e+00
2.329165697097778320e+00
2.093215465545654297e+00
1.897234678268432617e+00
1.974484562873840332e+00
1.830887079238891602e+00
1.865483522415161133e+00
1.942673921585083008e+00
2.081969738006591797e+00
