1.877671360969543457e+00
1.769842624664306641e+00
1.763296008110046387e+00
1.714821457862854004e+00
1.689010977745056152e+00
1.769424200057983398e+00
1.711276531219482422e+00
1.720848202705383301e+00
1.722980737686157227e+00
1.868515729904174805e+00
1.756269335746765137e+00
1.744198560714721680e+00
1.784859418869018555e+00
1.746843934059143066e+00
1.738251924514770508e+00
1.758744716644287109e+00
1.744975686073303223e+00
1.709765315055847168e+00
1.751862287521362305e+00
1.724888086318969727e+00
1.776048898696899414e+00
1.703686952590942383e+00
1.764365434646606445e+00
1.715533733367919922e+00
1.749696612358093262e+00
1.827619194984436035e+00
1.694622755050659180e+00
1.865839362144470215e+00
1.730096697807312012e+00
1.741722464561462402e+00
1.703031301498413086e+00
1.741419672966003418e+00
1.721265435218811035e+00
1.758299112319946289e+00
1.741397023200988770e+00
1.773049116134643555e+00
1.824082970619201660e+00
1.756691098213195801e+00
1.782148122787475586e+00
1.787593245506286621e+00
1.760147094726562500e+00
1.759124875068664551e+00
1.758711695671081543e+00
1.777802586555480957e+00
1.886538624763488770e+00
1.762135744094848633e+00
1.920534849166870117e+00
1.738313436508178711e+00
2.058918237686157227e+00
1.779941678047180176e+00
1.798351526260375977e+00
1.793507099151611328e+00
1.776048183441162109e+00
1.895963907241821289e+00
1.757941484451293945e+00
1.762006878852844238e+00
1.802952885627746582e+00
1.787383317947387695e+00
1.782255649566650391e+00
1.861915469169616699e+00
1.751761913299560547e+00
1.839094638824462891e+00
1.790455341339111328e+00
1.965689778327941895e+00
1.818912744522094727e+00
1.796753048896789551e+00
1.803904414176940918e+00
1.937425136566162109e+00
1.861446738243103027e+00
1.804391741752624512e+00
1.845143079757690430e+00
1.871370911598205566e+00
1.927539467811584473e+00
1.836096167564392090e+00
1.894089221954345703e+00
1.839966177940368652e+00
1.896345257759094238e+00
1.813292622566223145e+00
1.795100569725036621e+00
1.831741094589233398e+00
1.969988107681274414e+00
1.816548943519592285e+00
1.854578018188476562e+00
1.857580900192260742e+00
1.835019707679748535e+00
1.847558259963989258e+00
1.873516917228698730e+00
1.851061105728149414e+00
1.908164978027343750e+00
1.827938318252563477e+00
1.888105034828186035e+00
1.840881824493408203e+00
1.771352648735046387e+00
1.932280302047729492e+00
1.842313528060913086e+00
2.018589735031127930e+00
1.755940914154052734e+00
1.824680805206298828e+00
1.927317857742309570e+00
1.885120153427124023e+00
1.794443011283874512e+00
1.836003541946411133e+00
1.840006709098815918e+00
1.893957018852233887e+00
1.840894103050231934e+00
1.996427536010742188e+00
1.790503859519958496e+00
1.891764879226684570e+00
1.916219115257263184e+00
1.908341288566589355e+00
1.806130766868591309e+00
1.873198866844177246e+00
1.899838209152221680e+00
1.771161556243896484e+00
1.963037729263305664e+00
1.868732810020446777e+00
1.869936585426330566e+00
1.843370795249938965e+00
1.872349381446838379e+00
1.975031018257141113e+00
1.827013492584228516e+00
1.816464781761169434e+00
1.984162092208862305e+00
1.775257825851440430e+00
1.835850477218627930e+00
1.826480150222778320e+00
1.955550312995910645e+00
1.776192307472229004e+00
1.940060496330261230e+00
1.890226960182189941e+00
1.908780336380004883e+00
1.794762730598449707e+00
1.916108250617980957e+00
1.822110056877136230e+00
1.983769536018371582e+00
1.792667150497436523e+00
1.983352899551391602e+00
1.901024222373962402e+00
1.870993018150329590e+00
1.867109894752502441e+00
1.901125192642211914e+00
1.820215821266174316e+00
1.914756536483764648e+00
1.872987866401672363e+00
1.925280213356018066e+00
1.831272244453430176e+00
1.926645636558532715e+00
1.787224411964416504e+00
1.950693488121032715e+00
1.850683450698852539e+00
1.938668966293334961e+00
2.017253160476684570e+00
1.908964753150939941e+00
1.950736522674560547e+00
1.884726285934448242e+00
1.892451763153076172e+00
1.921622037887573242e+00
1.933462023735046387e+00
1.940890908241271973e+00
1.921641707420349121e+00
1.806035399436950684e+00
1.850181937217712402e+00
1.876859068870544434e+00
1.901259183883666992e+00
1.805877327919006348e+00
1.957821726799011230e+00
1.832631468772888184e+00
1.947885990142822266e+00
2.011038780212402344e+00
1.782779455184936523e+00
1.910512208938598633e+00
1.861168980598449707e+00
1.807741045951843262e+00
1.806155085563659668e+00
1.915456175804138184e+00
1.773416161537170410e+00
1.857166290283203125e+00
1.871734738349914551e+00
1.859604954719543457e+00
2.048198461532592773e+00
1.925616145133972168e+00
1.938453197479248047e+00
2.095650434494018555e+00
1.865308403968811035e+00
1.856102824211120605e+00
1.921779155731201172e+00
1.863516688346862793e+00
1.895040273666381836e+00
2.015410184860229492e+00
1.847281694412231445e+00
2.069411277770996094e+00
1.871663212776184082e+00
1.853854894638061523e+00
1.911715149879455566e+00
1.886274695396423340e+00
1.943644404411315918e+00
1.837622880935668945e+00
1.946464180946350098e+00
1.887163281440734863e+00
1.819062352180480957e+00
1.907769799232482910e+00
1.847572326660156250e+00
1.885403275489807129e+00
2.003841638565063477e+00
1.817083597183227539e+00
1.796310901641845703e+00
1.938953757286071777e+00
1.945057153701782227e+00
1.959464907646179199e+00
1.882574081420898438e+00
2.009724140167236328e+00
1.861513137817382812e+00
1.801851511001586914e+00
1.981779813766479492e+00
1.978723049163818359e+00
1.816886544227600098e+00
1.838023781776428223e+00
2.008213520050048828e+00
1.982619524002075195e+00
1.966184735298156738e+00
1.929824471473693848e+00
1.885392308235168457e+00
2.037676811218261719e+00
1.887639641761779785e+00
1.925673604011535645e+00
2.107789039611816406e+00
1.913182377815246582e+00
1.901699423789978027e+00
2.059545040130615234e+00
1.968120574951171875e+00
1.924757838249206543e+00
1.855334162712097168e+00
1.880914688110351562e+00
1.965923905372619629e+00
1.903513073921203613e+00
1.968962073326110840e+00
1.897335171699523926e+00
1.848325133323669434e+00
2.008919477462768555e+00
1.883455634117126465e+00
1.798452258110046387e+00
2.050921440124511719e+00
1.859301924705505371e+00
1.934529781341552734e+00
1.867673516273498535e+00
1.961073994636535645e+00
1.899227380752563477e+00
1.871421217918395996e+00
1.876450300216674805e+00
1.932638525962829590e+00
1.906569242477416992e+00
1.828543901443481445e+00
1.887173771858215332e+00
1.911472797393798828e+00
1.908071756362915039e+00
1.877296209335327148e+00
1.836063861846923828e+00
1.930233716964721680e+00
1.800301790237426758e+00
1.997422099113464355e+00
2.047814846038818359e+00
1.852942824363708496e+00
1.914103150367736816e+00
1.877225875854492188e+00
1.802789449691772461e+00
1.945382952690124512e+00
1.922567248344421387e+00
1.764225840568542480e+00
1.950975298881530762e+00
1.860235333442687988e+00
1.901954531669616699e+00
1.956586003303527832e+00
1.940238356590270996e+00
1.874937057495117188e+00
1.992096304893493652e+00
1.875393033027648926e+00
1.914045929908752441e+00
1.942471027374267578e+00
1.787245154380798340e+00
1.944182991981506348e+00
1.870824813842773438e+00
2.027910709381103516e+00
1.966438293457031250e+00
1.884054541587829590e+00
1.892042517662048340e+00
1.915460944175720215e+00
2.122512578964233398e+00
1.858449459075927734e+00
1.942755579948425293e+00
2.018897533416748047e+00
1.892991542816162109e+00
1.888055801391601562e+00
1.946013092994689941e+00
1.849606633186340332e+00
1.846763968467712402e+00
1.973530054092407227e+00
2.011891603469848633e+00
1.875791072845458984e+00
1.911380767822265625e+00
1.895681381225585938e+00
1.921729803085327148e+00
