7.405512928962707520e-01
6.603525876998901367e-01
5.764809846878051758e-01
5.570395588874816895e-01
5.337783694267272949e-01
5.181968808174133301e-01
4.933567941188812256e-01
4.682702422142028809e-01
4.515485167503356934e-01
4.288616776466369629e-01
4.153797626495361328e-01
4.063250422477722168e-01
4.064221382141113281e-01
5.160573720932006836e-01
4.595910012722015381e-01
4.571646153926849365e-01
4.353033304214477539e-01
4.344921708106994629e-01
4.493235051631927490e-01
3.914853930473327637e-01
3.821525275707244873e-01
4.078983962535858154e-01
3.601244091987609863e-01
3.481165766716003418e-01
3.673846721649169922e-01
3.360618650913238525e-01
3.286094665527343750e-01
3.161935210227966309e-01
3.501748740673065186e-01
3.133084177970886230e-01
3.028387129306793213e-01
3.121170699596405029e-01
3.077001273632049561e-01
2.980886995792388916e-01
2.812764048576354980e-01
2.758372426033020020e-01
4.478362798690795898e-01
2.856412827968597412e-01
2.898977100849151611e-01
3.704121708869934082e-01
2.870475351810455322e-01
2.827662229537963867e-01
3.408642411231994629e-01
2.841509580612182617e-01
2.696641385555267334e-01
2.793941199779510498e-01
2.596412003040313721e-01
2.632065117359161377e-01
2.840754091739654541e-01
2.491725832223892212e-01
2.757525444030761719e-01
2.442019879817962646e-01
2.465150207281112671e-01
3.092268705368041992e-01
2.400730997323989868e-01
2.421433329582214355e-01
2.943872809410095215e-01
2.401148378849029541e-01
2.377195805311203003e-01
2.308981567621231079e-01
2.674951255321502686e-01
2.225772887468338013e-01
2.390842437744140625e-01
2.395981997251510620e-01
2.189856022596359253e-01
2.404695302248001099e-01
2.288599759340286255e-01
2.251155525445938110e-01
2.775425016880035400e-01
2.213906198740005493e-01
2.151665389537811279e-01
2.857345938682556152e-01
2.146606147289276123e-01
2.255274802446365356e-01
2.135975509881973267e-01
2.148066312074661255e-01
2.228628695011138916e-01
2.407523691654205322e-01
2.119351476430892944e-01
2.175417244434356689e-01
2.101794481277465820e-01
2.104541063308715820e-01
2.229229509830474854e-01
2.103076726198196411e-01
2.163851410150527954e-01
2.009798437356948853e-01
2.113527953624725342e-01
2.232521772384643555e-01
2.262207865715026855e-01
2.076941132545471191e-01
2.451372444629669189e-01
2.020623385906219482e-01
2.119150906801223755e-01
3.118076026439666748e-01
2.116324752569198608e-01
2.414858788251876831e-01
2.035559117794036865e-01
2.124065160751342773e-01
2.573468685150146484e-01
2.467626482248306274e-01
2.779326438903808594e-01
2.485513240098953247e-01
2.244725525379180908e-01
2.239057868719100952e-01
2.617014348506927490e-01
2.127363085746765137e-01
2.215393781661987305e-01
2.420390248298645020e-01
2.099087685346603394e-01
2.602992951869964600e-01
2.241190820932388306e-01
2.178543955087661743e-01
2.786880433559417725e-01
2.137929797172546387e-01
2.017736881971359253e-01
3.119461536407470703e-01
2.085891216993331909e-01
2.124260067939758301e-01
2.702115178108215332e-01
2.327433824539184570e-01
2.035685032606124878e-01
2.392990440130233765e-01
2.220559865236282349e-01
2.177553623914718628e-01
2.188058942556381226e-01
2.477815002202987671e-01
1.938329190015792847e-01
2.077340185642242432e-01
2.089091092348098755e-01
1.950956732034683228e-01
2.161471992731094360e-01
2.077855169773101807e-01
1.854424625635147095e-01
1.860676556825637817e-01
1.955887079238891602e-01
2.178355753421783447e-01
1.985670179128646851e-01
1.834237873554229736e-01
1.983283460140228271e-01
2.041778862476348877e-01
1.987421363592147827e-01
1.847225129604339600e-01
2.200853675603866577e-01
1.943458169698715210e-01
1.733782887458801270e-01
1.919930428266525269e-01
1.795882731676101685e-01
1.728308796882629395e-01
2.026528567075729370e-01
1.772350370883941650e-01
1.788957118988037109e-01
1.684517115354537964e-01
1.922772675752639771e-01
1.744229942560195923e-01
1.747855991125106812e-01
1.958778649568557739e-01
1.648928672075271606e-01
2.233344912528991699e-01
1.763102710247039795e-01
1.619518995285034180e-01
2.351312190294265747e-01
1.832508146762847900e-01
1.802854388952255249e-01
1.610572934150695801e-01
2.612835764884948730e-01
1.646336913108825684e-01
1.743009239435195923e-01
3.202118575572967529e-01
1.853464841842651367e-01
1.805977076292037964e-01
2.471298426389694214e-01
1.741901785135269165e-01
1.893374174833297729e-01
1.984241455793380737e-01
1.906817555427551270e-01
1.958426535129547119e-01
2.379491776227951050e-01
1.904184073209762573e-01
2.173760831356048584e-01
1.807045638561248779e-01
1.901341378688812256e-01
1.754457503557205200e-01
1.962192058563232422e-01
2.055285423994064331e-01
1.778127849102020264e-01
1.990103870630264282e-01
2.069857269525527954e-01
1.776538491249084473e-01
2.228007316589355469e-01
1.913921535015106201e-01
2.076729238033294678e-01
3.482266366481781006e-01
2.113112658262252808e-01
2.161637842655181885e-01
2.986153364181518555e-01
2.365190535783767700e-01
1.749513596296310425e-01
1.778791397809982300e-01
2.695043087005615234e-01
1.818484514951705933e-01
1.732006967067718506e-01
2.064911127090454102e-01
1.787486374378204346e-01
1.870872527360916138e-01
2.107923179864883423e-01
1.801855862140655518e-01
1.757913529872894287e-01
2.214233726263046265e-01
2.071837931871414185e-01
1.718863248825073242e-01
1.823861151933670044e-01
1.878036260604858398e-01
1.702420860528945923e-01
1.870062798261642456e-01
1.990415006875991821e-01
1.723423302173614502e-01
1.627993136644363403e-01
1.664850413799285889e-01
2.389469593763351440e-01
1.664050072431564331e-01
1.731886416673660278e-01
1.687542200088500977e-01
1.786755919456481934e-01
1.607489138841629028e-01
1.693115681409835815e-01
1.706297546625137329e-01
1.609766185283660889e-01
1.695454716682434082e-01
1.624045073986053467e-01
1.815332919359207153e-01
2.000181227922439575e-01
1.631847172975540161e-01
3.087989687919616699e-01
1.572593003511428833e-01
1.749396622180938721e-01
1.871573776006698608e-01
2.357622385025024414e-01
2.486283928155899048e-01
3.493854701519012451e-01
1.784597337245941162e-01
2.366595566272735596e-01
1.660337597131729126e-01
2.448737472295761108e-01
2.658742964267730713e-01
1.668187528848648071e-01
2.174373865127563477e-01
1.651580780744552612e-01
1.993298083543777466e-01
1.704258024692535400e-01
1.619323641061782837e-01
2.219884246587753296e-01
1.649679392576217651e-01
1.679618805646896362e-01
1.727878600358963013e-01
1.666976064443588257e-01
1.692717820405960083e-01
2.311408966779708862e-01
1.633650958538055420e-01
1.999113112688064575e-01
3.623487651348114014e-01
1.918128430843353271e-01
1.738452315330505371e-01
1.926573514938354492e-01
1.785369664430618286e-01
1.659397482872009277e-01
1.993494480848312378e-01
2.005574256181716919e-01
1.664056777954101562e-01
1.927842646837234497e-01
1.798088103532791138e-01
2.188235074281692505e-01
1.937897354364395142e-01
1.734052896499633789e-01
1.852183789014816284e-01
1.787989437580108643e-01
1.650509089231491089e-01
1.843319386243820190e-01
1.807118207216262817e-01
1.608645617961883545e-01
2.186310440301895142e-01
2.110953032970428467e-01
1.626960784196853638e-01
1.621697545051574707e-01
2.220826148986816406e-01
1.681862473487854004e-01
1.625303030014038086e-01
1.671361178159713745e-01
1.761298030614852905e-01
1.822882741689682007e-01
1.599776297807693481e-01
2.032219171524047852e-01
1.981782019138336182e-01
1.563771665096282959e-01
1.609642356634140015e-01
1.600128263235092163e-01
1.565191000699996948e-01
1.641498655080795288e-01
1.806502640247344971e-01
1.659351885318756104e-01
1.912395209074020386e-01
1.623779535293579102e-01
