4.118962585926055908e-01
4.201025962829589844e-01
4.854626357555389404e-01
4.183621108531951904e-01
4.180339872837066650e-01
4.451488256454467773e-01
4.008305072784423828e-01
3.921624124050140381e-01
3.899574577808380127e-01
3.797736763954162598e-01
3.945232927799224854e-01
3.783773183822631836e-01
3.853290677070617676e-01
3.794857561588287354e-01
3.604218661785125732e-01
3.602353036403656006e-01
3.539618551731109619e-01
3.541993498802185059e-01
3.441239297389984131e-01
3.435649871826171875e-01
3.281931877136230469e-01
3.500650525093078613e-01
3.566321730613708496e-01
3.298975825309753418e-01
3.131421208381652832e-01
3.130463063716888428e-01
3.074243068695068359e-01
3.038576245307922363e-01
2.980890572071075439e-01
2.956329286098480225e-01
3.024062514305114746e-01
2.870096266269683838e-01
3.216783702373504639e-01
2.954789400100708008e-01
2.945640087127685547e-01
3.021834194660186768e-01
2.899749279022216797e-01
2.817016541957855225e-01
2.773363888263702393e-01
2.666425108909606934e-01
2.898206114768981934e-01
2.756811380386352539e-01
2.674565017223358154e-01
2.600336968898773193e-01
2.695047557353973389e-01
3.037557899951934814e-01
4.480452239513397217e-01
2.793770730495452881e-01
2.802826762199401855e-01
2.739837467670440674e-01
3.577855825424194336e-01
2.687319219112396240e-01
2.662553191184997559e-01
2.755980789661407471e-01
2.661699354648590088e-01
2.904483079910278320e-01
2.806593775749206543e-01
3.039596974849700928e-01
2.718584239482879639e-01
2.586563229560852051e-01
2.751706838607788086e-01
3.196092545986175537e-01
3.298326432704925537e-01
2.974908351898193359e-01
2.740509212017059326e-01
2.960248887538909912e-01
2.599565982818603516e-01
2.638632953166961670e-01
3.010790050029754639e-01
2.679612040519714355e-01
2.658174037933349609e-01
2.945280969142913818e-01
2.711764276027679443e-01
2.638566792011260986e-01
2.637687623500823975e-01
2.510810792446136475e-01
2.471584975719451904e-01
2.512548565864562988e-01
2.846739292144775391e-01
2.685604393482208252e-01
2.514684498310089111e-01
2.476604431867599487e-01
2.469121813774108887e-01
2.693637609481811523e-01
2.792499661445617676e-01
2.621671855449676514e-01
2.848860025405883789e-01
2.659524977207183838e-01
2.637918293476104736e-01
2.938915491104125977e-01
2.426118403673171997e-01
2.477989494800567627e-01
2.539055645465850830e-01
2.500890493392944336e-01
2.497257143259048462e-01
2.448670715093612671e-01
2.393310964107513428e-01
2.543811500072479248e-01
2.757075428962707520e-01
2.455625087022781372e-01
2.583229541778564453e-01
2.671053111553192139e-01
2.830428481101989746e-01
2.492999732494354248e-01
3.216020166873931885e-01
2.919018566608428955e-01
2.516712248325347900e-01
2.697573900222778320e-01
2.612729072570800781e-01
2.435174286365509033e-01
2.635323703289031982e-01
2.777948975563049316e-01
2.680205404758453369e-01
2.560237050056457520e-01
2.567259967327117920e-01
2.402688264846801758e-01
2.297306060791015625e-01
2.573495209217071533e-01
2.420431673526763916e-01
2.753031253814697266e-01
2.957714200019836426e-01
2.574620544910430908e-01
2.664809823036193848e-01
2.909743487834930420e-01
2.606825232505798340e-01
2.417825907468795776e-01
3.122119009494781494e-01
2.590293884277343750e-01
2.608031034469604492e-01
2.721469104290008545e-01
2.597806155681610107e-01
2.487613558769226074e-01
2.625646591186523438e-01
2.636411190032958984e-01
2.444631159305572510e-01
2.616215348243713379e-01
2.514522075653076172e-01
2.547347545623779297e-01
2.550970315933227539e-01
2.505174875259399414e-01
2.410718053579330444e-01
2.557884454727172852e-01
2.450758814811706543e-01
2.418810725212097168e-01
2.411640584468841553e-01
2.323398143053054810e-01
2.269175946712493896e-01
2.213160097599029541e-01
2.267514765262603760e-01
2.829507291316986084e-01
2.428037673234939575e-01
2.415637671947479248e-01
2.948540151119232178e-01
2.763940095901489258e-01
2.374816983938217163e-01
2.330958694219589233e-01
2.365520149469375610e-01
2.540274560451507568e-01
2.769180536270141602e-01
3.212757110595703125e-01
2.560715079307556152e-01
2.831820249557495117e-01
3.237401247024536133e-01
2.589019834995269775e-01
2.509222924709320068e-01
2.612217962741851807e-01
2.364163696765899658e-01
2.355103939771652222e-01
2.387940436601638794e-01
2.250528633594512939e-01
2.323477119207382202e-01
3.014118373394012451e-01
2.629179060459136963e-01
2.456856220960617065e-01
2.751052379608154297e-01
2.358060181140899658e-01
2.277957051992416382e-01
2.279186248779296875e-01
2.279471904039382935e-01
2.303204834461212158e-01
2.244423329830169678e-01
2.201535552740097046e-01
2.209733128547668457e-01
2.277799397706985474e-01
2.294454574584960938e-01
2.345059812068939209e-01
2.261032611131668091e-01
2.360607236623764038e-01
2.232373654842376709e-01
2.209015637636184692e-01
2.135771960020065308e-01
2.081929594278335571e-01
2.196916490793228149e-01
3.689550459384918213e-01
3.034112453460693359e-01
2.843932211399078369e-01
2.346714437007904053e-01
2.472022920846939087e-01
2.913947701454162598e-01
2.196014821529388428e-01
2.149963676929473877e-01
2.405983209609985352e-01
2.663747668266296387e-01
2.536580562591552734e-01
2.236290723085403442e-01
2.228273600339889526e-01
2.791755199432373047e-01
2.688143849372863770e-01
2.333835512399673462e-01
2.443015426397323608e-01
2.536451518535614014e-01
2.430932074785232544e-01
2.493230402469635010e-01
2.320131808519363403e-01
2.223066091537475586e-01
2.405155301094055176e-01
2.224878519773483276e-01
2.715837955474853516e-01
2.393163442611694336e-01
2.440643310546875000e-01
2.312964200973510742e-01
2.174176424741744995e-01
2.182675600051879883e-01
2.167093157768249512e-01
2.225509881973266602e-01
2.353516370058059692e-01
2.160683870315551758e-01
2.150785028934478760e-01
2.245358228683471680e-01
2.102382779121398926e-01
2.081624269485473633e-01
2.037419378757476807e-01
2.411278486251831055e-01
2.107209712266921997e-01
2.223514318466186523e-01
2.582254111766815186e-01
2.395175695419311523e-01
2.300627827644348145e-01
2.036465257406234741e-01
2.292255163192749023e-01
2.375124692916870117e-01
2.127317190170288086e-01
2.178366035223007202e-01
2.290249168872833252e-01
2.146112024784088135e-01
2.071895599365234375e-01
2.014234066009521484e-01
2.152666002511978149e-01
2.439231425523757935e-01
2.123325765132904053e-01
2.155389040708541870e-01
2.134989202022552490e-01
2.131038755178451538e-01
2.194995433092117310e-01
2.197281718254089355e-01
2.304319888353347778e-01
2.291884720325469971e-01
2.362573593854904175e-01
2.062246352434158325e-01
2.021498680114746094e-01
2.015507966279983521e-01
2.031512409448623657e-01
2.141666114330291748e-01
2.093766927719116211e-01
2.160230875015258789e-01
3.031951785087585449e-01
2.152765691280364990e-01
2.393531501293182373e-01
3.903106451034545898e-01
2.822803556919097900e-01
2.640074491500854492e-01
2.951639890670776367e-01
3.168919682502746582e-01
2.669138014316558838e-01
2.501859366893768311e-01
2.729597985744476318e-01
3.091530203819274902e-01
2.692983150482177734e-01
2.722454667091369629e-01
2.583504617214202881e-01
2.650802433490753174e-01
2.587616443634033203e-01
2.594514191150665283e-01
2.571898400783538818e-01
2.549820840358734131e-01
2.667647302150726318e-01
2.509887516498565674e-01
2.527870535850524902e-01
2.479717135429382324e-01
2.532845735549926758e-01
2.496244013309478760e-01
2.480477541685104370e-01
2.451908141374588013e-01
2.516310214996337891e-01
2.511009573936462402e-01
2.439933866262435913e-01
2.565502226352691650e-01
2.462463378906250000e-01
2.645995616912841797e-01
2.466763257980346680e-01
2.457481920719146729e-01
