6.857678890228271484e-01
6.468450427055358887e-01
6.392168998718261719e-01
6.444754004478454590e-01
6.530258059501647949e-01
6.402599811553955078e-01
6.354060769081115723e-01
6.307117938995361328e-01
6.384199261665344238e-01
6.297419667243957520e-01
6.423798203468322754e-01
6.274512410163879395e-01
6.154637336730957031e-01
6.147057414054870605e-01
6.319435834884643555e-01
6.406687498092651367e-01
6.198865175247192383e-01
6.137772202491760254e-01
6.088495850563049316e-01
6.267445087432861328e-01
6.131723523139953613e-01
6.452980637550354004e-01
6.111159920692443848e-01
6.125003099441528320e-01
6.147331595420837402e-01
6.128932833671569824e-01
6.130726933479309082e-01
6.190405488014221191e-01
6.128620505332946777e-01
6.118730902671813965e-01
6.067779064178466797e-01
6.137902736663818359e-01
6.231741905212402344e-01
6.076733469963073730e-01
6.108393073081970215e-01
6.138803958892822266e-01
6.175957322120666504e-01
6.090683937072753906e-01
6.122205257415771484e-01
6.096473932266235352e-01
6.058182716369628906e-01
6.201989054679870605e-01
6.187914013862609863e-01
6.165233254432678223e-01
6.537479758262634277e-01
6.034722924232482910e-01
6.160054802894592285e-01
6.135868430137634277e-01
6.039795279502868652e-01
6.394585371017456055e-01
6.101481318473815918e-01
6.402171850204467773e-01
6.117039918899536133e-01
6.200703978538513184e-01
6.082283258438110352e-01
6.235398054122924805e-01
6.183215379714965820e-01
6.380282044410705566e-01
6.070780754089355469e-01
6.085934638977050781e-01
6.097897291183471680e-01
6.149609684944152832e-01
6.057963371276855469e-01
6.043989062309265137e-01
6.250546574592590332e-01
6.043680906295776367e-01
6.392201185226440430e-01
6.133348345756530762e-01
6.065685153007507324e-01
6.519036293029785156e-01
6.072502136230468750e-01
6.053336858749389648e-01
6.005389690399169922e-01
6.272326707839965820e-01
6.127725243568420410e-01
6.080400943756103516e-01
6.126561164855957031e-01
6.056089401245117188e-01
6.041337251663208008e-01
6.108525395393371582e-01
6.008725166320800781e-01
6.068997383117675781e-01
6.346057653427124023e-01
7.245188355445861816e-01
6.258894205093383789e-01
6.194609999656677246e-01
6.306501030921936035e-01
6.026657223701477051e-01
6.008503437042236328e-01
6.049582362174987793e-01
6.178890466690063477e-01
6.153163313865661621e-01
6.111244559288024902e-01
6.167263984680175781e-01
6.178400516510009766e-01
6.323927640914916992e-01
6.193542480468750000e-01
6.212425231933593750e-01
6.061004400253295898e-01
6.123623847961425781e-01
6.110199689865112305e-01
6.084967851638793945e-01
6.105028986930847168e-01
6.127045154571533203e-01
6.021299362182617188e-01
6.020238399505615234e-01
6.704064011573791504e-01
6.136569976806640625e-01
6.201030015945434570e-01
6.060581207275390625e-01
6.053293347358703613e-01
6.121008992195129395e-01
6.083533167839050293e-01
6.113127470016479492e-01
6.095322370529174805e-01
6.043980717658996582e-01
6.024693250656127930e-01
6.094000339508056641e-01
6.030817031860351562e-01
6.133345961570739746e-01
6.100962162017822266e-01
6.245249509811401367e-01
6.145360469818115234e-01
6.147146224975585938e-01
6.287514567375183105e-01
6.192398667335510254e-01
6.021896004676818848e-01
6.034678816795349121e-01
6.209502220153808594e-01
6.158315539360046387e-01
6.188500523567199707e-01
6.016842722892761230e-01
6.275534033775329590e-01
6.045868992805480957e-01
6.285974979400634766e-01
6.162518858909606934e-01
6.073801517486572266e-01
6.085601449012756348e-01
6.114683747291564941e-01
6.026908755302429199e-01
6.407737731933593750e-01
6.027685403823852539e-01
6.158303618431091309e-01
6.091142296791076660e-01
6.129059791564941406e-01
6.065391898155212402e-01
6.083765029907226562e-01
6.548875570297241211e-01
6.272197365760803223e-01
6.141518950462341309e-01
6.050986051559448242e-01
6.009061932563781738e-01
6.093812584877014160e-01
6.094619631767272949e-01
6.009064912796020508e-01
6.205429434776306152e-01
6.098991036415100098e-01
6.074263453483581543e-01
6.185544133186340332e-01
6.254803538322448730e-01
6.167643666267395020e-01
6.146270632743835449e-01
6.148726940155029297e-01
6.054028272628784180e-01
6.126738190650939941e-01
6.048341989517211914e-01
6.022021174430847168e-01
6.078164577484130859e-01
6.036783456802368164e-01
6.233720183372497559e-01
6.152355670928955078e-01
6.057108044624328613e-01
6.063501834869384766e-01
6.114858388900756836e-01
6.130564808845520020e-01
6.090907454490661621e-01
6.032786369323730469e-01
6.088743209838867188e-01
6.116235852241516113e-01
6.090265512466430664e-01
6.032446026802062988e-01
6.096135973930358887e-01
6.000156998634338379e-01
6.002398729324340820e-01
6.269576549530029297e-01
6.047991514205932617e-01
6.072459220886230469e-01
6.090179681777954102e-01
6.059668064117431641e-01
6.007239222526550293e-01
6.095953583717346191e-01
6.090523600578308105e-01
6.063845157623291016e-01
6.167306900024414062e-01
6.293460726737976074e-01
6.092763543128967285e-01
6.012769937515258789e-01
6.070423126220703125e-01
6.118764281272888184e-01
6.118480563163757324e-01
6.230874657630920410e-01
6.104502081871032715e-01
6.042771935462951660e-01
6.089300513267517090e-01
6.129500269889831543e-01
6.029956936836242676e-01
6.128959655761718750e-01
6.041083335876464844e-01
6.143305897712707520e-01
6.125731468200683594e-01
6.025070548057556152e-01
6.072073578834533691e-01
6.145876646041870117e-01
6.059027910232543945e-01
6.210561394691467285e-01
6.074831485748291016e-01
6.131645441055297852e-01
6.076427102088928223e-01
6.125081777572631836e-01
6.082326769828796387e-01
6.195431351661682129e-01
6.178966164588928223e-01
6.087754368782043457e-01
6.064594984054565430e-01
6.394144296646118164e-01
6.151369810104370117e-01
6.148436665534973145e-01
6.018120646476745605e-01
6.111044883728027344e-01
6.113479733467102051e-01
6.006802916526794434e-01
6.276074051856994629e-01
6.023277044296264648e-01
6.221707463264465332e-01
6.054012179374694824e-01
6.149283051490783691e-01
6.039316654205322266e-01
6.008460521697998047e-01
6.122402548789978027e-01
6.121397614479064941e-01
6.114109158515930176e-01
6.121116876602172852e-01
6.010006070137023926e-01
6.071919202804565430e-01
6.045879125595092773e-01
6.273762583732604980e-01
6.071805357933044434e-01
6.145679354667663574e-01
6.154587864875793457e-01
6.065013408660888672e-01
6.024221777915954590e-01
6.018627882003784180e-01
6.611810326576232910e-01
6.044785976409912109e-01
6.004822254180908203e-01
6.205574274063110352e-01
6.048369407653808594e-01
6.120412945747375488e-01
6.299273967742919922e-01
6.144375801086425781e-01
6.164266467094421387e-01
6.128556132316589355e-01
6.073660254478454590e-01
6.434600353240966797e-01
6.275581121444702148e-01
6.096205115318298340e-01
6.291903853416442871e-01
6.054968833923339844e-01
6.167014837265014648e-01
6.024991869926452637e-01
6.124069690704345703e-01
6.169186830520629883e-01
6.082514524459838867e-01
6.300439238548278809e-01
6.064730882644653320e-01
6.111543178558349609e-01
6.094880700111389160e-01
6.405967473983764648e-01
6.102986931800842285e-01
6.334401369094848633e-01
6.079178452491760254e-01
6.046072840690612793e-01
6.070554256439208984e-01
6.122787594795227051e-01
6.106754541397094727e-01
6.086018681526184082e-01
6.028309464454650879e-01
6.108637452125549316e-01
6.287912130355834961e-01
6.055791974067687988e-01
6.072338819503784180e-01
6.443082690238952637e-01
6.122829318046569824e-01
6.072714924812316895e-01
6.082057952880859375e-01
6.020964384078979492e-01
6.009598970413208008e-01
6.231077313423156738e-01
6.157568693161010742e-01
6.117074489593505859e-01
6.210474967956542969e-01
