6.475138664245605469e-01
6.406946778297424316e-01
6.379109025001525879e-01
6.594500541687011719e-01
6.364188790321350098e-01
6.317549347877502441e-01
6.296133399009704590e-01
6.288887262344360352e-01
6.318737864494323730e-01
6.595728397369384766e-01
6.299619674682617188e-01
6.424041390419006348e-01
6.285952329635620117e-01
6.320754289627075195e-01
6.345164775848388672e-01
6.411489844322204590e-01
6.284783482551574707e-01
6.357107162475585938e-01
6.301593780517578125e-01
6.347204446792602539e-01
6.322486400604248047e-01
6.392086148262023926e-01
6.323403120040893555e-01
6.285033226013183594e-01
6.285055875778198242e-01
6.288162469863891602e-01
6.289286017417907715e-01
6.419317126274108887e-01
6.376786828041076660e-01
6.316093802452087402e-01
6.313573122024536133e-01
6.283770203590393066e-01
6.305157542228698730e-01
6.287590265274047852e-01
6.288223266601562500e-01
6.289565563201904297e-01
6.336258053779602051e-01
6.433955430984497070e-01
6.300265789031982422e-01
6.302820444107055664e-01
6.320407390594482422e-01
6.497677564620971680e-01
6.382719874382019043e-01
6.363667249679565430e-01
6.283826828002929688e-01
6.394785046577453613e-01
6.430389285087585449e-01
6.286554336547851562e-01
6.765980720520019531e-01
6.440937519073486328e-01
6.339933872222900391e-01
6.410701274871826172e-01
6.330973505973815918e-01
6.322065591812133789e-01
6.285532712936401367e-01
6.309253573417663574e-01
6.286675333976745605e-01
6.347954869270324707e-01
6.438530683517456055e-01
6.321541666984558105e-01
6.291536092758178711e-01
6.389216780662536621e-01
6.292531490325927734e-01
6.291130185127258301e-01
6.357149481773376465e-01
6.368005871772766113e-01
6.328186988830566406e-01
6.393023729324340820e-01
6.372160911560058594e-01
6.348232030868530273e-01
6.488623619079589844e-01
6.384390592575073242e-01
6.463672518730163574e-01
6.283582448959350586e-01
6.285862922668457031e-01
6.375384926795959473e-01
6.372867822647094727e-01
6.410315632820129395e-01
6.713274717330932617e-01
6.289634704589843750e-01
6.289407014846801758e-01
6.346729993820190430e-01
6.443645358085632324e-01
6.293591856956481934e-01
6.347990036010742188e-01
6.359788179397583008e-01
6.371009945869445801e-01
6.655011773109436035e-01
6.389142274856567383e-01
6.312952041625976562e-01
6.283559799194335938e-01
6.286038756370544434e-01
6.326324939727783203e-01
6.355774402618408203e-01
6.312162876129150391e-01
6.286005973815917969e-01
6.415495872497558594e-01
6.362736821174621582e-01
6.482307910919189453e-01
6.285771131515502930e-01
6.382151246070861816e-01
6.462115049362182617e-01
6.550705432891845703e-01
6.358193755149841309e-01
6.289804577827453613e-01
6.316829919815063477e-01
6.366223692893981934e-01
6.661091446876525879e-01
6.452064514160156250e-01
6.510123610496520996e-01
6.655542254447937012e-01
6.439877152442932129e-01
6.424641609191894531e-01
6.391906738281250000e-01
6.285747885704040527e-01
6.327670812606811523e-01
6.506456136703491211e-01
6.427089571952819824e-01
6.397940516471862793e-01
6.346872448921203613e-01
6.325906515121459961e-01
6.288461089134216309e-01
6.542807221412658691e-01
6.285453438758850098e-01
6.306225657463073730e-01
6.398069858551025391e-01
6.438145041465759277e-01
6.316235661506652832e-01
6.289491057395935059e-01
6.320399641990661621e-01
6.284086704254150391e-01
6.311048865318298340e-01
6.287192702293395996e-01
6.294583678245544434e-01
6.294805407524108887e-01
6.320576071739196777e-01
6.286294460296630859e-01
6.322056651115417480e-01
6.420823931694030762e-01
6.326008439064025879e-01
6.400409936904907227e-01
6.356404423713684082e-01
6.841025352478027344e-01
6.342723965644836426e-01
6.521965265274047852e-01
6.323881149291992188e-01
6.299523711204528809e-01
6.359695792198181152e-01
6.355207562446594238e-01
6.366282701492309570e-01
6.423319578170776367e-01
6.346332430839538574e-01
6.285658478736877441e-01
6.340697407722473145e-01
6.337249875068664551e-01
6.293477416038513184e-01
6.308765411376953125e-01
6.647029519081115723e-01
6.351712942123413086e-01
6.558928489685058594e-01
6.360003948211669922e-01
6.298480033874511719e-01
6.390917301177978516e-01
6.298914551734924316e-01
6.299245357513427734e-01
6.289495825767517090e-01
6.398100256919860840e-01
6.334938406944274902e-01
6.317841410636901855e-01
6.316460371017456055e-01
6.305931806564331055e-01
6.339058279991149902e-01
6.298936009407043457e-01
6.329513788223266602e-01
6.286811828613281250e-01
6.397243142127990723e-01
6.312606930732727051e-01
6.317043304443359375e-01
6.334893703460693359e-01
6.488299369812011719e-01
6.489369273185729980e-01
6.392189264297485352e-01
6.284258365631103516e-01
6.340893507003784180e-01
6.337422728538513184e-01
6.342946887016296387e-01
6.400409936904907227e-01
6.300988197326660156e-01
6.284095644950866699e-01
6.331744790077209473e-01
6.307407021522521973e-01
6.350927948951721191e-01
6.350025534629821777e-01
6.295046806335449219e-01
6.286691427230834961e-01
6.284431219100952148e-01
6.509977579116821289e-01
6.410930752754211426e-01
6.286060810089111328e-01
6.283268928527832031e-01
6.335729956626892090e-01
6.287590265274047852e-01
6.295610666275024414e-01
6.322482228279113770e-01
6.298508644104003906e-01
6.320430040359497070e-01
6.421654224395751953e-01
6.307680010795593262e-01
6.381258964538574219e-01
6.288584470748901367e-01
6.331019997596740723e-01
6.297967433929443359e-01
6.434949636459350586e-01
6.394491195678710938e-01
6.295188069343566895e-01
6.593258380889892578e-01
6.349688768386840820e-01
6.327559351921081543e-01
6.293423175811767578e-01
6.491609811782836914e-01
6.301530003547668457e-01
6.785178184509277344e-01
6.381518840789794922e-01
6.344681978225708008e-01
6.293403506278991699e-01
6.296655535697937012e-01
6.461381316184997559e-01
6.296393275260925293e-01
6.295257210731506348e-01
6.289460062980651855e-01
6.309326291084289551e-01
6.342796087265014648e-01
6.309542655944824219e-01
6.386093497276306152e-01
6.430991888046264648e-01
6.310719847679138184e-01
6.337765455245971680e-01
6.294457316398620605e-01
6.414657235145568848e-01
6.290348172187805176e-01
6.306262016296386719e-01
6.380823254585266113e-01
6.345568299293518066e-01
6.344330310821533203e-01
6.325855255126953125e-01
6.355555057525634766e-01
6.323890686035156250e-01
6.327837109565734863e-01
6.321709156036376953e-01
6.357365846633911133e-01
6.306036710739135742e-01
6.346482634544372559e-01
6.307011246681213379e-01
6.304223537445068359e-01
6.284233331680297852e-01
6.305288672447204590e-01
6.298891305923461914e-01
6.475804448127746582e-01
6.381104588508605957e-01
6.429675221443176270e-01
6.375220417976379395e-01
6.282333135604858398e-01
6.291435956954956055e-01
6.432115435600280762e-01
6.345703005790710449e-01
6.457677483558654785e-01
6.417915821075439453e-01
6.322506666183471680e-01
6.349731087684631348e-01
6.417187452316284180e-01
6.398802995681762695e-01
6.313091516494750977e-01
6.294911503791809082e-01
6.302809119224548340e-01
6.505848169326782227e-01
6.399985551834106445e-01
6.404913663864135742e-01
6.380122900009155273e-01
6.286389231681823730e-01
6.343959569931030273e-01
6.532210111618041992e-01
6.486485004425048828e-01
6.307738423347473145e-01
6.346882581710815430e-01
6.325436234474182129e-01
6.355856060981750488e-01
6.294882297515869141e-01
6.568683981895446777e-01
6.383926868438720703e-01
6.289691925048828125e-01
6.284826397895812988e-01
6.320953965187072754e-01
6.297703385353088379e-01
6.532957553863525391e-01
6.334997415542602539e-01
6.502575874328613281e-01
6.332486271858215332e-01
6.344573497772216797e-01
6.332192420959472656e-01
6.356076002120971680e-01
6.283877491950988770e-01
