6.448822021484375000e-01
6.345818042755126953e-01
6.275359392166137695e-01
6.401115655899047852e-01
6.344358325004577637e-01
6.282747983932495117e-01
6.358259320259094238e-01
6.142828464508056641e-01
6.142823696136474609e-01
6.139771938323974609e-01
6.366090774536132812e-01
6.116272211074829102e-01
6.141536235809326172e-01
6.353878974914550781e-01
6.118056178092956543e-01
6.102567315101623535e-01
6.106648445129394531e-01
6.228673458099365234e-01
6.315354108810424805e-01
6.054806709289550781e-01
6.081941127777099609e-01
6.093952655792236328e-01
6.173689365386962891e-01
6.044665575027465820e-01
6.216928362846374512e-01
6.124504804611206055e-01
6.327548027038574219e-01
6.069139242172241211e-01
6.008765101432800293e-01
5.895045399665832520e-01
6.129634380340576172e-01
5.879253149032592773e-01
6.026780605316162109e-01
5.917388796806335449e-01
5.963579416275024414e-01
5.858807563781738281e-01
6.135997772216796875e-01
5.850650668144226074e-01
5.956238508224487305e-01
5.902754068374633789e-01
5.804178118705749512e-01
6.086478233337402344e-01
5.889244079589843750e-01
5.926165580749511719e-01
5.804872512817382812e-01
5.829907655715942383e-01
6.269927024841308594e-01
5.896425247192382812e-01
5.806772708892822266e-01
5.865137577056884766e-01
5.918709039688110352e-01
5.998637676239013672e-01
5.784011483192443848e-01
5.936381816864013672e-01
5.863381624221801758e-01
5.804812908172607422e-01
5.883761644363403320e-01
5.936973094940185547e-01
5.783958435058593750e-01
5.926003456115722656e-01
5.984021425247192383e-01
5.778657197952270508e-01
5.850657224655151367e-01
5.830700397491455078e-01
5.856723785400390625e-01
5.807034969329833984e-01
5.832098126411437988e-01
6.008092761039733887e-01
5.776889324188232422e-01
5.882451534271240234e-01
5.901110172271728516e-01
5.779107809066772461e-01
5.838091373443603516e-01
5.942925214767456055e-01
5.810316801071166992e-01
5.791026353836059570e-01
5.810645222663879395e-01
5.824135541915893555e-01
6.033117175102233887e-01
5.771578550338745117e-01
5.928463935852050781e-01
5.851149559020996094e-01
5.776943564414978027e-01
5.899933576583862305e-01
5.843633413314819336e-01
5.902928113937377930e-01
5.798023939132690430e-01
5.840272903442382812e-01
5.813312530517578125e-01
5.841724872589111328e-01
5.877766609191894531e-01
5.802854299545288086e-01
6.032859086990356445e-01
5.841046571731567383e-01
5.820980072021484375e-01
6.040738821029663086e-01
5.937407016754150391e-01
5.792787671089172363e-01
5.816036462783813477e-01
5.839339494705200195e-01
5.926553606986999512e-01
5.803524851799011230e-01
5.861634016036987305e-01
5.827568769454956055e-01
5.872664451599121094e-01
5.929874181747436523e-01
5.857067108154296875e-01
5.838654637336730957e-01
5.807991027832031250e-01
5.807926654815673828e-01
5.915331840515136719e-01
5.790966749191284180e-01
5.858141183853149414e-01
5.919381976127624512e-01
5.798259973526000977e-01
5.850209593772888184e-01
5.957847237586975098e-01
5.772045850753784180e-01
5.840788483619689941e-01
5.822206735610961914e-01
5.877779722213745117e-01
5.807563066482543945e-01
5.901279449462890625e-01
5.774111747741699219e-01
5.812231302261352539e-01
5.923587083816528320e-01
5.800799131393432617e-01
5.924780368804931641e-01
5.820235013961791992e-01
5.823091864585876465e-01
5.900731086730957031e-01
5.823415517807006836e-01
5.762913823127746582e-01
5.964094996452331543e-01
5.802279710769653320e-01
5.911301374435424805e-01
5.778106451034545898e-01
5.915680527687072754e-01
5.802209973335266113e-01
5.835824608802795410e-01
5.866485238075256348e-01
5.833991765975952148e-01
5.827882289886474609e-01
5.814763307571411133e-01
5.810896158218383789e-01
5.970885753631591797e-01
5.795598626136779785e-01
5.846900343894958496e-01
5.823279619216918945e-01
5.859534144401550293e-01
5.813163518905639648e-01
5.797271728515625000e-01
5.923058986663818359e-01
5.809884071350097656e-01
5.867431163787841797e-01
5.823078751564025879e-01
5.954477787017822266e-01
5.799375176429748535e-01
5.802029371261596680e-01
5.840665102005004883e-01
5.876970291137695312e-01
5.814251899719238281e-01
5.911206007003784180e-01
5.793049931526184082e-01
5.870021581649780273e-01
5.859816074371337891e-01
5.862094759941101074e-01
6.048645973205566406e-01
5.795074701309204102e-01
5.809922814369201660e-01
6.015453338623046875e-01
5.789049267768859863e-01
5.854158997535705566e-01
5.825270414352416992e-01
5.841974020004272461e-01
5.819994211196899414e-01
5.822882056236267090e-01
5.834061503410339355e-01
5.848698616027832031e-01
5.883316993713378906e-01
5.843091011047363281e-01
5.857243537902832031e-01
6.083100438117980957e-01
5.782326459884643555e-01
5.855224132537841797e-01
5.786967277526855469e-01
5.886650085449218750e-01
5.824971795082092285e-01
5.814212560653686523e-01
5.840193033218383789e-01
5.835974812507629395e-01
5.900890827178955078e-01
5.810000896453857422e-01
5.887243151664733887e-01
5.843698978424072266e-01
5.838770866394042969e-01
5.955668091773986816e-01
5.794379115104675293e-01
5.884315967559814453e-01
5.827927589416503906e-01
5.883028507232666016e-01
5.799113512039184570e-01
5.866078138351440430e-01
5.784425735473632812e-01
5.879248380661010742e-01
5.828064680099487305e-01
5.803383588790893555e-01
5.818834304809570312e-01
5.944385528564453125e-01
5.794075727462768555e-01
5.920170545578002930e-01
5.796252489089965820e-01
5.946050882339477539e-01
5.788784623146057129e-01
5.901644825935363770e-01
5.821010470390319824e-01
5.880450606346130371e-01
5.789840817451477051e-01
5.878097414970397949e-01
5.787826776504516602e-01
5.937408804893493652e-01
5.803164243698120117e-01
5.892900228500366211e-01
5.805842280387878418e-01
5.821313858032226562e-01
5.897387266159057617e-01
5.827064514160156250e-01
5.780879855155944824e-01
5.833879709243774414e-01
5.874471664428710938e-01
5.852015018463134766e-01
5.808898210525512695e-01
5.811080932617187500e-01
5.894545912742614746e-01
5.777724981307983398e-01
5.916668772697448730e-01
5.784827470779418945e-01
5.893084406852722168e-01
5.820637941360473633e-01
5.835983753204345703e-01
5.849151611328125000e-01
5.815237760543823242e-01
5.997191071510314941e-01
5.791627764701843262e-01
6.178222894668579102e-01
5.997372865676879883e-01
5.911962985992431641e-01
5.948189496994018555e-01
5.786836147308349609e-01
5.886082649230957031e-01
5.850955247879028320e-01
5.806614160537719727e-01
5.826823115348815918e-01
5.907987356185913086e-01
5.809843540191650391e-01
5.935729146003723145e-01
5.908432602882385254e-01
5.858942270278930664e-01
5.797924399375915527e-01
5.840926170349121094e-01
5.822361707687377930e-01
5.820524692535400391e-01
5.802056789398193359e-01
5.803192853927612305e-01
5.828021764755249023e-01
5.817697048187255859e-01
5.898444652557373047e-01
5.815833210945129395e-01
5.831621289253234863e-01
5.841290950775146484e-01
5.848128795623779297e-01
5.877501368522644043e-01
5.829133987426757812e-01
5.833997130393981934e-01
5.803226828575134277e-01
5.837360620498657227e-01
5.916264057159423828e-01
5.829769372940063477e-01
5.807569622993469238e-01
5.865360498428344727e-01
5.790100097656250000e-01
5.843793153762817383e-01
6.059073209762573242e-01
5.853797197341918945e-01
5.822166204452514648e-01
5.844076871871948242e-01
5.992533564567565918e-01
5.852081775665283203e-01
5.874586701393127441e-01
5.843099355697631836e-01
5.852076411247253418e-01
5.836403369903564453e-01
5.900053977966308594e-01
5.898007154464721680e-01
5.815364122390747070e-01
5.870471000671386719e-01
5.813637375831604004e-01
5.869013667106628418e-01
5.802590847015380859e-01
5.835442543029785156e-01
5.811989307403564453e-01
