6.015287637710571289e-01
5.836039781570434570e-01
5.746977329254150391e-01
5.782172679901123047e-01
5.657445788383483887e-01
5.770176649093627930e-01
5.643398761749267578e-01
5.678150653839111328e-01
5.731365680694580078e-01
5.920327901840209961e-01
5.613622665405273438e-01
5.698885321617126465e-01
5.616806149482727051e-01
5.603389143943786621e-01
5.589706301689147949e-01
5.627177357673645020e-01
5.649003386497497559e-01
5.756465196609497070e-01
5.780154466629028320e-01
5.690262317657470703e-01
5.649580359458923340e-01
5.622758865356445312e-01
5.655428767204284668e-01
6.142864227294921875e-01
5.634385943412780762e-01
5.630798339843750000e-01
5.701376199722290039e-01
5.623471736907958984e-01
5.766660571098327637e-01
5.665198564529418945e-01
5.622571706771850586e-01
5.651296377182006836e-01
5.667214393615722656e-01
5.820267796516418457e-01
5.642940998077392578e-01
5.625778436660766602e-01
5.738260746002197266e-01
5.650611519813537598e-01
5.653330087661743164e-01
5.630035400390625000e-01
5.660358667373657227e-01
5.619090795516967773e-01
5.720978379249572754e-01
5.653232932090759277e-01
5.644929409027099609e-01
5.621923208236694336e-01
5.598385930061340332e-01
5.600628852844238281e-01
5.641933679580688477e-01
5.965203046798706055e-01
5.796984434127807617e-01
5.628199577331542969e-01
5.776631832122802734e-01
5.623148679733276367e-01
5.620388984680175781e-01
5.945168733596801758e-01
5.787994265556335449e-01
5.647274255752563477e-01
5.674284696578979492e-01
5.628111362457275391e-01
5.671690106391906738e-01
5.674266815185546875e-01
5.623844861984252930e-01
5.749019980430603027e-01
5.690203309059143066e-01
5.640641450881958008e-01
5.819821953773498535e-01
5.624097585678100586e-01
5.627312064170837402e-01
5.798736810684204102e-01
5.648474693298339844e-01
5.672933459281921387e-01
5.644314289093017578e-01
5.725788474082946777e-01
5.618698596954345703e-01
5.992008447647094727e-01
5.668941736221313477e-01
5.751484632492065430e-01
5.619947314262390137e-01
5.791153907775878906e-01
5.610908269882202148e-01
5.676336288452148438e-01
5.659146308898925781e-01
6.108155250549316406e-01
5.626589655876159668e-01
5.634054541587829590e-01
5.655244588851928711e-01
5.615390539169311523e-01
6.003085970878601074e-01
5.799825787544250488e-01
6.201170682907104492e-01
5.732205510139465332e-01
5.671905279159545898e-01
5.628107190132141113e-01
5.628259181976318359e-01
5.619951486587524414e-01
5.794417858123779297e-01
5.742235183715820312e-01
5.615331530570983887e-01
5.692197084426879883e-01
5.663123130798339844e-01
6.028248071670532227e-01
5.656882524490356445e-01
5.617150664329528809e-01
5.646569728851318359e-01
5.626577138900756836e-01
5.674981474876403809e-01
5.676035284996032715e-01
5.608950853347778320e-01
5.662721395492553711e-01
5.638157129287719727e-01
5.605350732803344727e-01
5.714076161384582520e-01
5.616077184677124023e-01
5.711674690246582031e-01
5.708085298538208008e-01
5.619913339614868164e-01
5.972827672958374023e-01
5.678408145904541016e-01
5.622893571853637695e-01
5.632625818252563477e-01
5.658442974090576172e-01
5.610011816024780273e-01
5.689026117324829102e-01
5.770120024681091309e-01
5.635130405426025391e-01
5.628083944320678711e-01
5.617355108261108398e-01
5.617524385452270508e-01
5.711739659309387207e-01
5.607351064682006836e-01
5.598176717758178711e-01
5.588537454605102539e-01
5.800415277481079102e-01
5.807880163192749023e-01
5.954039096832275391e-01
5.591698884963989258e-01
5.616457462310791016e-01
5.585395097732543945e-01
5.674982070922851562e-01
5.582134723663330078e-01
5.689170360565185547e-01
5.634199380874633789e-01
5.644929409027099609e-01
5.723121166229248047e-01
5.689419507980346680e-01
5.650235414505004883e-01
5.690301656723022461e-01
5.579140782356262207e-01
5.583093166351318359e-01
5.660783052444458008e-01
5.702210664749145508e-01
5.801166296005249023e-01
5.623468160629272461e-01
5.611559748649597168e-01
5.587288141250610352e-01
5.605531930923461914e-01
5.676602125167846680e-01
5.589393377304077148e-01
5.607242584228515625e-01
5.561745166778564453e-01
5.603379011154174805e-01
5.792201757431030273e-01
5.971924662590026855e-01
6.347854733467102051e-01
5.597347617149353027e-01
5.622668266296386719e-01
5.640718936920166016e-01
5.578114986419677734e-01
5.630562305450439453e-01
5.627195835113525391e-01
5.582365989685058594e-01
5.946832299232482910e-01
5.576312541961669922e-01
5.588434934616088867e-01
5.575585365295410156e-01
5.562552213668823242e-01
5.574878454208374023e-01
5.800494551658630371e-01
5.855728387832641602e-01
5.584086179733276367e-01
5.643469095230102539e-01
5.631495714187622070e-01
5.552314519882202148e-01
5.640079975128173828e-01
5.564446449279785156e-01
5.703371763229370117e-01
5.564582347869873047e-01
5.561240315437316895e-01
5.556534528732299805e-01
5.570186376571655273e-01
5.723911523818969727e-01
5.688472390174865723e-01
5.610280036926269531e-01
5.690283775329589844e-01
5.692390203475952148e-01
5.593761205673217773e-01
5.561223030090332031e-01
5.591636300086975098e-01
5.634480714797973633e-01
5.537278056144714355e-01
5.533844232559204102e-01
5.538877248764038086e-01
5.815294981002807617e-01
5.546326637268066406e-01
5.622040033340454102e-01
5.792549848556518555e-01
6.110149621963500977e-01
5.903341770172119141e-01
5.937160253524780273e-01
5.556376576423645020e-01
5.587141513824462891e-01
5.585998892784118652e-01
5.641100406646728516e-01
5.542138218879699707e-01
5.658692717552185059e-01
5.949466228485107422e-01
5.717368125915527344e-01
5.951793193817138672e-01
5.552574396133422852e-01
5.841323137283325195e-01
5.706740617752075195e-01
5.574234127998352051e-01
5.557731389999389648e-01
5.834623575210571289e-01
5.562322139739990234e-01
5.656188726425170898e-01
5.562903881072998047e-01
5.633157491683959961e-01
5.658507943153381348e-01
5.678577423095703125e-01
5.556952953338623047e-01
5.811014771461486816e-01
5.575083494186401367e-01
5.555086135864257812e-01
5.630913972854614258e-01
5.566282868385314941e-01
5.747872591018676758e-01
5.563033819198608398e-01
5.535734891891479492e-01
5.542780160903930664e-01
5.542776584625244141e-01
5.567377805709838867e-01
5.568441152572631836e-01
5.545246601104736328e-01
5.610814094543457031e-01
5.542241334915161133e-01
5.548976659774780273e-01
5.540694594383239746e-01
5.607383251190185547e-01
5.628947615623474121e-01
5.747741460800170898e-01
5.558707714080810547e-01
5.693191289901733398e-01
5.584453344345092773e-01
5.559930205345153809e-01
5.548638105392456055e-01
5.532399415969848633e-01
5.556234121322631836e-01
5.768117904663085938e-01
5.643025636672973633e-01
5.537438392639160156e-01
5.766043663024902344e-01
5.639446973800659180e-01
5.575459599494934082e-01
5.547487735748291016e-01
5.558478236198425293e-01
5.540100336074829102e-01
5.578263401985168457e-01
5.730536580085754395e-01
5.562619566917419434e-01
5.642843246459960938e-01
5.604968070983886719e-01
5.617700815200805664e-01
5.564551353454589844e-01
5.582722425460815430e-01
5.546047687530517578e-01
5.535503625869750977e-01
5.552772283554077148e-01
5.543190240859985352e-01
5.639628171920776367e-01
5.537087917327880859e-01
5.545623302459716797e-01
5.538700819015502930e-01
5.633083581924438477e-01
5.541895627975463867e-01
5.533614158630371094e-01
5.611062049865722656e-01
5.873129367828369141e-01
5.531655550003051758e-01
5.605682730674743652e-01
5.530760884284973145e-01
5.582837462425231934e-01
5.555784702301025391e-01
5.612989664077758789e-01
5.858621001243591309e-01
6.175525188446044922e-01
5.646396875381469727e-01
5.556520223617553711e-01
5.552557110786437988e-01
5.551852583885192871e-01
