7.237801551818847656e-01
6.190513968467712402e-01
6.543732881546020508e-01
6.445324420928955078e-01
6.149611473083496094e-01
6.457185745239257812e-01
6.250638365745544434e-01
6.127339005470275879e-01
6.138253808021545410e-01
6.595516800880432129e-01
6.509405374526977539e-01
6.236498355865478516e-01
6.187384128570556641e-01
6.233906745910644531e-01
6.133025288581848145e-01
6.121950149536132812e-01
6.174036860466003418e-01
6.166002750396728516e-01
6.185677051544189453e-01
6.151233911514282227e-01
6.387653350830078125e-01
6.083498001098632812e-01
6.178566813468933105e-01
6.372721791267395020e-01
6.189426779747009277e-01
6.189027428627014160e-01
6.120446324348449707e-01
6.327894926071166992e-01
6.155164837837219238e-01
6.109053492546081543e-01
5.959172248840332031e-01
6.040914058685302734e-01
6.032556295394897461e-01
6.166033744812011719e-01
6.041750311851501465e-01
6.079292297363281250e-01
6.010724306106567383e-01
6.023123264312744141e-01
5.961320996284484863e-01
5.938166379928588867e-01
5.969563126564025879e-01
6.031268239021301270e-01
6.017987728118896484e-01
6.068664789199829102e-01
6.221053004264831543e-01
6.084209084510803223e-01
6.081497669219970703e-01
6.056338548660278320e-01
6.019691824913024902e-01
6.137171983718872070e-01
6.192049980163574219e-01
6.206651926040649414e-01
6.137207746505737305e-01
6.100934147834777832e-01
6.104106307029724121e-01
6.075260639190673828e-01
6.050197482109069824e-01
6.021187901496887207e-01
6.007320284843444824e-01
5.986493229866027832e-01
6.071947216987609863e-01
6.020923852920532227e-01
6.147939562797546387e-01
6.043754220008850098e-01
6.036448478698730469e-01
6.032860875129699707e-01
6.063522100448608398e-01
6.451690793037414551e-01
6.058424115180969238e-01
6.052134633064270020e-01
5.993428826332092285e-01
5.983561873435974121e-01
6.027511954307556152e-01
5.972762107849121094e-01
5.983204245567321777e-01
5.968970656394958496e-01
6.085882782936096191e-01
6.038500666618347168e-01
6.075077056884765625e-01
5.995910167694091797e-01
6.005006432533264160e-01
6.001528501510620117e-01
5.971105098724365234e-01
5.952641367912292480e-01
5.976822376251220703e-01
5.970873832702636719e-01
6.037928462028503418e-01
6.116560697555541992e-01
6.039854884147644043e-01
6.032848358154296875e-01
6.184895038604736328e-01
6.087614893913269043e-01
6.060396432876586914e-01
6.003155708312988281e-01
6.067502498626708984e-01
6.094329953193664551e-01
6.084211468696594238e-01
6.074505448341369629e-01
6.081517338752746582e-01
6.259516477584838867e-01
6.122131943702697754e-01
6.201325058937072754e-01
6.144350767135620117e-01
6.120343208312988281e-01
6.104540824890136719e-01
6.162982583045959473e-01
6.066260337829589844e-01
6.107755899429321289e-01
6.124950647354125977e-01
6.134483218193054199e-01
6.037380099296569824e-01
6.106933355331420898e-01
6.527218818664550781e-01
6.372389197349548340e-01
6.200281977653503418e-01
6.181198954582214355e-01
6.117444038391113281e-01
6.090513467788696289e-01
6.059652566909790039e-01
6.058058738708496094e-01
6.099658012390136719e-01
6.095368266105651855e-01
6.057469248771667480e-01
6.026453375816345215e-01
6.007294654846191406e-01
6.080681085586547852e-01
6.069021821022033691e-01
6.082884073257446289e-01
6.075987815856933594e-01
6.012349128723144531e-01
6.015506386756896973e-01
6.036377549171447754e-01
6.092746853828430176e-01
6.190001964569091797e-01
6.184875965118408203e-01
6.122606396675109863e-01
6.079025268554687500e-01
6.065192818641662598e-01
6.135035753250122070e-01
6.085761785507202148e-01
6.115972399711608887e-01
6.065921187400817871e-01
6.093999743461608887e-01
6.051962971687316895e-01
6.038790345191955566e-01
6.030908226966857910e-01
6.020738482475280762e-01
6.020398736000061035e-01
5.995225310325622559e-01
6.040909886360168457e-01
6.188792586326599121e-01
6.246226429939270020e-01
6.014842391014099121e-01
6.045961380004882812e-01
6.030650734901428223e-01
6.039364337921142578e-01
6.234013438224792480e-01
6.082651019096374512e-01
6.047435998916625977e-01
6.077259182929992676e-01
6.146140694618225098e-01
6.153552532196044922e-01
6.128242015838623047e-01
6.133055090904235840e-01
6.119354963302612305e-01
6.065517067909240723e-01
6.064438223838806152e-01
6.134443283081054688e-01
6.118491888046264648e-01
6.080273985862731934e-01
6.094956398010253906e-01
6.063971519470214844e-01
6.049802303314208984e-01
6.134085655212402344e-01
6.161200404167175293e-01
6.038905382156372070e-01
5.990816950798034668e-01
6.143088340759277344e-01
6.068984866142272949e-01
6.086769700050354004e-01
6.072152853012084961e-01
6.084908843040466309e-01
6.056184172630310059e-01
6.122521758079528809e-01
6.090329885482788086e-01
6.060165762901306152e-01
6.119151711463928223e-01
6.095118522644042969e-01
6.052483320236206055e-01
6.097053289413452148e-01
6.058526039123535156e-01
6.081896424293518066e-01
6.202327609062194824e-01
6.102105975151062012e-01
6.066777110099792480e-01
6.044272184371948242e-01
6.106444597244262695e-01
6.067895889282226562e-01
6.057887673377990723e-01
6.187174320220947266e-01
6.049547195434570312e-01
6.033809781074523926e-01
6.078556180000305176e-01
6.070587038993835449e-01
6.059098839759826660e-01
6.087986826896667480e-01
6.149821877479553223e-01
6.106474995613098145e-01
6.082318425178527832e-01
6.199874281883239746e-01
6.168213486671447754e-01
6.118759512901306152e-01
6.153997778892517090e-01
6.080963611602783203e-01
6.098160743713378906e-01
6.254402399063110352e-01
6.034088134765625000e-01
6.038227677345275879e-01
6.118310093879699707e-01
6.086775064468383789e-01
6.110136508941650391e-01
6.139068603515625000e-01
6.125800609588623047e-01
6.186333894729614258e-01
6.167979240417480469e-01
6.074638366699218750e-01
6.075892448425292969e-01
6.139134168624877930e-01
6.055750250816345215e-01
6.026186943054199219e-01
6.015820503234863281e-01
6.049642562866210938e-01
6.104288101196289062e-01
6.097655296325683594e-01
6.075434088706970215e-01
6.233172416687011719e-01
6.349776387214660645e-01
6.245967745780944824e-01
6.080332994461059570e-01
6.065817475318908691e-01
6.187521219253540039e-01
6.383319497108459473e-01
6.103658080101013184e-01
6.115066409111022949e-01
6.154112219810485840e-01
6.139709353446960449e-01
6.136347055435180664e-01
6.142628192901611328e-01
6.386353969573974609e-01
6.271960735321044922e-01
6.191827058792114258e-01
6.124525070190429688e-01
6.154812574386596680e-01
6.183828711509704590e-01
6.118438243865966797e-01
6.145914196968078613e-01
6.090862154960632324e-01
6.103539466857910156e-01
6.194351315498352051e-01
6.216569542884826660e-01
6.047186851501464844e-01
6.150039434432983398e-01
6.082073450088500977e-01
6.027923226356506348e-01
6.077337265014648438e-01
6.133065223693847656e-01
6.071453690528869629e-01
6.072671413421630859e-01
6.083421111106872559e-01
6.149554252624511719e-01
6.120913624763488770e-01
6.271419525146484375e-01
6.184006929397583008e-01
6.151305437088012695e-01
6.210432648658752441e-01
6.097810864448547363e-01
6.098424792289733887e-01
6.312886476516723633e-01
6.317225694656372070e-01
6.139550209045410156e-01
6.028447151184082031e-01
5.997009873390197754e-01
6.026498079299926758e-01
6.029939055442810059e-01
6.051040291786193848e-01
6.098480224609375000e-01
6.132979393005371094e-01
6.084070205688476562e-01
6.086767315864562988e-01
6.174703836441040039e-01
6.108712553977966309e-01
6.104340553283691406e-01
6.157630681991577148e-01
6.112294197082519531e-01
6.216458678245544434e-01
6.151232123374938965e-01
6.132673025131225586e-01
6.214262247085571289e-01
6.095529198646545410e-01
6.137435436248779297e-01
6.244086623191833496e-01
