6.590051054954528809e-01
6.198707818984985352e-01
6.156507134437561035e-01
6.113977432250976562e-01
5.905257463455200195e-01
5.986855626106262207e-01
5.843713879585266113e-01
5.882770419120788574e-01
6.134899854660034180e-01
5.907195210456848145e-01
5.958826541900634766e-01
6.398641467094421387e-01
6.232241988182067871e-01
5.932047367095947266e-01
5.870585441589355469e-01
5.751944184303283691e-01
6.306630969047546387e-01
5.734174847602844238e-01
5.731286406517028809e-01
5.897581577301025391e-01
5.684837102890014648e-01
5.596960186958312988e-01
5.898517370223999023e-01
5.644555091857910156e-01
5.795586705207824707e-01
6.080808043479919434e-01
5.944340825080871582e-01
5.708999633789062500e-01
5.686796903610229492e-01
5.634772777557373047e-01
5.418611168861389160e-01
5.538799762725830078e-01
5.875969529151916504e-01
5.786435008049011230e-01
5.572372078895568848e-01
5.525245666503906250e-01
5.904439091682434082e-01
5.733222365379333496e-01
5.457840561866760254e-01
5.501476526260375977e-01
5.596764087677001953e-01
5.763859748840332031e-01
5.798341631889343262e-01
5.868018865585327148e-01
5.742368698120117188e-01
5.729269981384277344e-01
5.670707225799560547e-01
5.493996739387512207e-01
5.694212913513183594e-01
5.671821236610412598e-01
5.530170202255249023e-01
5.674338340759277344e-01
5.811680555343627930e-01
5.487271547317504883e-01
5.745720863342285156e-01
5.952991843223571777e-01
5.658745765686035156e-01
5.544298887252807617e-01
5.754189491271972656e-01
5.917696952819824219e-01
5.734854340553283691e-01
5.460094213485717773e-01
5.482688546180725098e-01
5.663489103317260742e-01
5.550779700279235840e-01
5.467244386672973633e-01
5.529639124870300293e-01
5.428602695465087891e-01
5.573999881744384766e-01
5.803725123405456543e-01
5.651426315307617188e-01
5.831160545349121094e-01
5.735697746276855469e-01
5.574284791946411133e-01
5.843379497528076172e-01
5.822939872741699219e-01
5.526294112205505371e-01
5.554091334342956543e-01
5.809013843536376953e-01
5.749585032463073730e-01
5.460247993469238281e-01
5.680927038192749023e-01
5.733776092529296875e-01
5.683102607727050781e-01
5.606604218482971191e-01
5.729341506958007812e-01
5.859073996543884277e-01
5.761502385139465332e-01
5.693897604942321777e-01
5.786597728729248047e-01
5.841258168220520020e-01
5.582982897758483887e-01
5.561513900756835938e-01
5.682372450828552246e-01
5.727648735046386719e-01
5.786347389221191406e-01
5.715593695640563965e-01
5.585073828697204590e-01
5.521709918975830078e-01
5.714114308357238770e-01
5.824123024940490723e-01
5.782654285430908203e-01
5.684337615966796875e-01
5.829658508300781250e-01
5.874358415603637695e-01
5.737889409065246582e-01
5.777383446693420410e-01
5.855838060379028320e-01
5.835373997688293457e-01
5.927897095680236816e-01
5.627713203430175781e-01
5.672903060913085938e-01
5.943555831909179688e-01
5.746797919273376465e-01
5.587379932403564453e-01
5.741329193115234375e-01
5.844094753265380859e-01
5.733427405357360840e-01
5.640321969985961914e-01
5.679947137832641602e-01
5.793735980987548828e-01
5.670278072357177734e-01
5.471183657646179199e-01
5.808789730072021484e-01
5.718740224838256836e-01
5.667224526405334473e-01
5.679943561553955078e-01
5.621873140335083008e-01
5.531364679336547852e-01
5.634018182754516602e-01
6.059550642967224121e-01
5.628936290740966797e-01
5.551759004592895508e-01
5.670718550682067871e-01
5.672579407691955566e-01
5.582274794578552246e-01
5.695666670799255371e-01
5.911345481872558594e-01
5.802551507949829102e-01
5.526519417762756348e-01
5.698019266128540039e-01
5.830101966857910156e-01
5.818932652473449707e-01
5.744030475616455078e-01
5.620155930519104004e-01
5.694931745529174805e-01
5.766859054565429688e-01
5.695952177047729492e-01
5.599289536476135254e-01
5.372588038444519043e-01
5.442032814025878906e-01
5.485280156135559082e-01
5.857765078544616699e-01
5.904005169868469238e-01
5.848962664604187012e-01
5.859850645065307617e-01
5.755820274353027344e-01
5.766975879669189453e-01
5.705389380455017090e-01
5.683888196945190430e-01
5.572236776351928711e-01
5.707257390022277832e-01
5.552726387977600098e-01
5.523899793624877930e-01
5.485415458679199219e-01
5.580584406852722168e-01
5.698089003562927246e-01
5.931764245033264160e-01
5.468388199806213379e-01
5.510935783386230469e-01
5.735616087913513184e-01
5.784413218498229980e-01
5.885588526725769043e-01
5.815013647079467773e-01
5.670143365859985352e-01
5.648281574249267578e-01
5.590410232543945312e-01
5.630179047584533691e-01
5.569214820861816406e-01
5.618053674697875977e-01
5.827279090881347656e-01
5.803046226501464844e-01
5.702335238456726074e-01
5.612682700157165527e-01
5.761283040046691895e-01
5.767403841018676758e-01
5.863155722618103027e-01
5.830472111701965332e-01
5.865811705589294434e-01
5.960910916328430176e-01
5.684900283813476562e-01
5.574577450752258301e-01
5.638875365257263184e-01
5.622645020484924316e-01
5.839875936508178711e-01
5.800641179084777832e-01
5.717281699180603027e-01
5.676199197769165039e-01
5.863642096519470215e-01
5.749448537826538086e-01
5.662083029747009277e-01
5.682204961776733398e-01
5.735290050506591797e-01
5.782216787338256836e-01
5.769350528717041016e-01
5.751196742057800293e-01
5.772742629051208496e-01
5.689725875854492188e-01
5.598831772804260254e-01
5.615873932838439941e-01
5.750818848609924316e-01
5.819613337516784668e-01
5.795237421989440918e-01
5.803269743919372559e-01
5.728201866149902344e-01
5.710763931274414062e-01
5.770609974861145020e-01
5.759109854698181152e-01
5.737546682357788086e-01
5.748668313026428223e-01
5.702910423278808594e-01
5.700803995132446289e-01
5.747427344322204590e-01
5.724002718925476074e-01
5.568310618400573730e-01
5.555244088172912598e-01
5.616690516471862793e-01
5.765118598937988281e-01
5.832214355468750000e-01
5.797130465507507324e-01
5.586330890655517578e-01
5.489745140075683594e-01
5.928022265434265137e-01
5.971956253051757812e-01
5.673907399177551270e-01
5.575011372566223145e-01
5.500176548957824707e-01
5.565875172615051270e-01
5.897055864334106445e-01
5.866391658782958984e-01
5.751109123229980469e-01
5.695004463195800781e-01
5.736166834831237793e-01
5.766650438308715820e-01
5.671337842941284180e-01
5.753741860389709473e-01
5.769674181938171387e-01
5.724634528160095215e-01
5.682491660118103027e-01
5.655641555786132812e-01
5.691351890563964844e-01
5.856260061264038086e-01
5.747401118278503418e-01
5.681944489479064941e-01
5.777275562286376953e-01
5.760766863822937012e-01
5.682684779167175293e-01
5.679704546928405762e-01
5.560423731803894043e-01
5.778512358665466309e-01
5.859048962593078613e-01
5.817500948905944824e-01
5.724051594734191895e-01
5.723431706428527832e-01
5.825547575950622559e-01
5.704436898231506348e-01
5.684218406677246094e-01
5.642313361167907715e-01
5.566887855529785156e-01
5.689248442649841309e-01
5.806801319122314453e-01
5.814483761787414551e-01
5.705980658531188965e-01
5.591709613800048828e-01
5.720744729042053223e-01
5.830442309379577637e-01
5.761451721191406250e-01
5.792497992515563965e-01
5.760772228240966797e-01
5.836954712867736816e-01
5.843822956085205078e-01
5.804004073143005371e-01
5.777516961097717285e-01
5.714666247367858887e-01
5.626056194305419922e-01
5.663704276084899902e-01
5.757651329040527344e-01
6.042624711990356445e-01
5.758864283561706543e-01
5.685070157051086426e-01
5.724891424179077148e-01
5.657073855400085449e-01
5.747900009155273438e-01
5.811910033226013184e-01
5.617949962615966797e-01
5.592357516288757324e-01
5.885259509086608887e-01
5.894161462783813477e-01
5.869798660278320312e-01
5.729883313179016113e-01
5.733519196510314941e-01
